SurfaceView[com.epidgames.trickcalrevive/com.google.firebase.MessagingUnityPlayerActivity](BLAST)#124
16678174
185183003388	185247354400	185227417800
185183003388	185264893200	185244513200
185183003388	185279947100	185261752700
185301351708	185304430400	185294884600
185301351708	185334965100	185320773700
185368609399	185367204900	185360657300
185403813612	185400357500	185395247200
185438544500	185433272400	185429421000
185456197867	185456853500	185445903200
185489754708	185486890600	185481909300
185506727773	185502639800	185499095400
185524455705	185519197800	185515731700
185542332831	185537475300	185531988100
185559477052	185553482100	185549465100
185577173409	185577777600	185568210700
185577173409	185607341300	185590274200
185644984243	185641297000	185636664100
185678661120	185672185800	185668617600
185695222383	185689660800	185686176300
185712774354	185709875100	185701690100
185729959430	185726393500	185722757800
185746359251	185741875600	185738505900
185780238901	185779801800	185771691500
185796964948	185795657200	185780788600
185813913805	185809505500	185805899500
185830781971	185834089700	185822068000
185830781971	185862431400	185847513700
185830781971	185879022200	185876100300
185899191974	185895902500	185891542600
185916857606	185913651000	185910164600
185950874544	185948300600	185941314300
185967969522	185972689600	185959269400
185967969522	185999347800	185987135000
185967969522	186016104700	186012206200
186054004881	186050253200	186043300700
186071454712	186066276500	186062401100
186089534157	186092182500	186079154100
186089534157	186120186300	186104203500
186158038255	186152379100	186148409400
186174977491	186188378300	186167091600
186209269915	186202743900	186198847300
186226349859	186227508300	186215754100
186226349859	186255651200	186241588900
186226349859	186274160700	186267600800
186310386613	186309883000	186301296600
186344067729	186342457000	186336500600
186361572490	186365183300	186352830800
186361572490	186395354800	186378835000
186361572490	186410383700	186405718000
186361572490	186443725400	186426352500
186447557499	186460421200	186440512600
186481184664	186483933300	186473749200
186516451089	186514920600	186508485000
186552006342	186546956200	186541353800
186568065160	186565018300	186559954300
186585095095	186580416900	186576577000
186603078203	186607408200	186592686500
186603078203	186636183100	186619604300
186603078203	186649294500	186638131100
186672362450	186668287600	186661719300
186688951447	186684457500	186680457500
186724688383	186716295800	186711480800
186741672293	186739877500	186729071400
186741672293	186769614600	186752572100
186808800055	186803646000	186798895000
186842099768	186836447400	186831406300
186876604416	186869522800	186864009300
186892114560	186892188600	186882500000
186925205939	186922965800	186919293800
186941934398	186939746500	186935807600
186975538087	186973944800	186967907500
187010129585	187006972800	187001072400
187026720955	187029714300	187021420900
187026720955	187060815400	187041393200
187096726718	187097337700	187088838200
187130656840	187128187700	187123327300
187164069486	187160315700	187156533700
187182038156	187186887800	187174451400
187182038156	187213516700	187199528300
187251402611	187249261700	187243230600
187287064388	187279320200	187276064100
187303336977	187297434600	187291476800
187320526309	187317663700	187309808800
187338120454	187335410600	187331383600
187355058570	187351916100	187349094600
187389743786	187386778200	187379193500
187424336363	187418175000	187413408500
187457039645	187451406600	187446019900
187473200743	187473333900	187464906600
187506493756	187506323700	187499012700
187542204437	187538421900	187531523100
187574514068	187571952400	187567798000
187608542292	187606452200	187599704300
187626081861	187627749000	187618412400
187659097879	187660558000	187652489600
187694645623	187692482500	187685745300
187729184872	187726247800	187720983000
187745562024	187742981900	187738453000
187763169646	187766044700	187756622600
187797331462	187796319600	187789659800
187832257669	187829029100	187825072800
187850652302	187845427100	187841428800
187884142618	187881091500	187874126300
187900926301	187902032200	187896208800
187934830433	187932665100	187927688900
187952325934	187948703200	187945627900
187970714294	187966070700	187961692700
187986286182	187981855700	187978842300
188004626413	187998849400	187995890200
188021025337	188020242300	188011463300
188056212604	188052566200	188047655300
188089416435	188086145800	188080777800
188107920695	188102915700	188099992600
188141602582	188135847300	188132283700
188157775792	188158655900	188148830000
188191896716	188188518700	188183983400
188209479520	188206835000	188201515000
188243680769	188239664100	188236202100
188260736202	188258597400	188252425500
188278139729	188277750200	188271424800
188312137339	188309600200	188304246800
188329630958	188327556700	188323197400
188363892414	188360264600	188355803800
188382444878	188394891600	188376658700
188417349219	188417834400	188408706500
188449418400	188448995900	188442589800
188449418400	188483694700	188464198600

