SurfaceView[com.epidgames.trickcalrevive/com.google.firebase.MessagingUnityPlayerActivity](BLAST)#124
16678174
188571051372	188568400900	188560814500
188605503511	188600620500	188596521600
188623005576	188617045200	188613129700
188639550227	188633429400	188630168600
188656809969	188655939900	188647810200
188691993425	188687395300	188681617900
188725702844	188719826200	188714560700
188742091543	188736668500	188732673700
188757626541	188752822600	188749797900
188774880160	188775272300	188767977400
188808733395	188805773700	188801422100
188825507523	188822475200	188818471100
188843068745	188839711000	188836284500
188878166126	188871774900	188867781300
188895057167	188889584700	188885849500
188911939921	188909380600	188903394700
188928411764	188926383300	188921810000
188946952518	188941943600	188937924700
188962513541	188960057400	188956510700
188979590500	188976270900	188972380300
188997276607	188992610200	188989279100
189031100909	189027190100	189022855000
189048505914	189048243900	189041392200
189048505914	189064497800	189060397400
189098535196	189098027100	189091427500
189116587064	189115795100	189108530200
189133165098	189130947700	189127029300
189168724696	189165200300	189157597000
189185314563	189187429400	189178671200
189220365569	189217715200	189211742400
189236632122	189236236000	189231701700
189272409671	189267677200	189262705400
189290866224	189284989600	189280826400
189307449206	189307513800	189298715300
189341403400	189337750700	189332368600
189359483427	189355455800	189351356800
189375689929	189370161900	189367366500
189393076970	189387986200	189383282800
189410073883	189421189100	189402799800
189444426130	189442981500	189434317000
189478089980	189473033200	189468949900
189511588131	189508624000	189501525300
189545913425	189540280200	189535844300
189562409827	189557848100	189552927200
189579086728	189579082300	189571435500
189612093511	189610530500	189607257300
189629932536	189627114400	189623918300
189663546679	189659973300	189654405000
189680564631	189677863400	189672762000
189698323171	189699390500	189691750700
189732457474	189730621300	189725836100
189749986847	189748451800	189742453500
189767528804	189764923600	189760985300
189785430610	189781429900	189777472900
189819079547	189816585500	189810130000
189836339885	189839024100	189826802000
189870655639	189868315000	189862525600
189888664458	189886009500	189881492600
189923118130	189919400800	189913043100
189958207420	189952620100	189948391400
189974530883	189976612400	189965923900
190009080157	190005646600	190001574600
190043348801	190039991400	190033230600
190077365526	190071999300	190067927500
190094246347	190090106400	190085299100
190111988905	190110821800	190104315600
190145012260	190143452300	190139317200
190180021531	190175924600	190171445300
190196373692	190192588200	190188510100
190231181287	190229560800	190223496600
190231181287	190249087100	190244472900
190231181287	190265588400	190261585900
190299628832	190300206900	190293940600
190299628832	190315203700	190311500200
190333660993	190331349200	190328042500
190351235962	190350031700	190343944000
190351235962	190371033200	190365049700
190404785114	190404610200	190397261100
190422412279	190436428700	190417799300
190458351639	190452336000	190448850100
190475671258	190469224700	190465407000
190492977933	190491522100	190482472900
190527065322	190522087200	190517133000
190544743065	190539891200	190536131100
190579417486	190571971000	190568026400
190596437996	190589557700	190585816400
190613197943	190612178800	190602578200
190646734812	190642882800	190637277800
190663279597	190659495100	190655903100
190696684535	190691121600	190688293700
190713401095	190710932200	190704308200
190730065423	190731453400	190725304400
190730065423	190763183200	190758390600
190730065423	190779206800	190775965300
190799090867	190798341400	190793162200
190799090867	190830203500	190811644900
190849536087	190846849200	190842689900
190866858976	190869431400	190860733000
190902874121	190901549800	190895979000
190902874121	190916750400	190913548000
190938158766	190933736800	190930553500
190955442060	190957274800	190946555500
190991834011	190985478700	190978804900
191007202516	191013860200	190998837200
191007202516	191037944800	191026158000
191007202516	191055834500	191051774600
191076039705	191071366000	191067799900
191110502060	191105370900	191098857800
191144056151	191138806000	191132932000
191161985668	191160607900	191152489500
191161985668	191191579500	191174377400
191161985668	191206884200	191203673200
191229191342	191225928800	191220545700
191262768688	191258237700	191252495800
191279501477	191275794100	191271458500
191296310429	191298156900	191289948900
191329652347	191329171800	191323018600
191363715167	191361295900	191358262000
191398947891	191394846700	191391296600
191415939220	191411965900	191408839800
191433069143	191433336900	191425139200
191433069143	191450133200	191445982500
191486609471	191481425000	191477441700
191503688224	191499517600	191496190300
191520085586	191517194500	191512748600
191538024676	191549543000	191530732100
191572449153	191573177700	191562451500

