11862114
0	0	0
0	0	0
0	0	0
0	0	0
0	0	0
0	0	0
0	0	0
0	0	0
0	0	0
0	0	0
0	0	0
0	0	0
0	0	0
0	0	0
0	0	0
0	0	0
0	0	0
0	0	0
0	0	0
0	0	0
0	0	0
0	0	0
0	0	0
0	0	0
0	0	0
0	0	0
1338692400107	1501862253540	1338692400107
1338692400107	1501969012566	1338692400107
1338692400107	1502075771592	1338692400107
1338692400107	1502182530618	1338692400107
1338692400107	1502289289644	1338692400107
1338692400107	1502384186556	1338692400107
1338692400107	1502479083468	1338692400107
1338692400107	1502597704608	1338692400107
1338692400107	1502692601520	1338692400107
1338692400107	1502799360546	1338692400107
1338692400107	1502894257458	1338692400107
1338692400107	1502989154370	1338692400107
1338692400107	1503095913396	1338692400107
1338692400107	1503202672422	1338692400107
1338692400107	1503309431448	1338692400107
1338692400107	1503416190474	1338692400107
1338692400107	1503511087386	1338692400107
1338692400107	1503605984298	1338692400107
1338692400107	1503700881210	1338692400107
1338692400107	1503795778122	1338692400107
1338692400107	1503902537148	1338692400107
1338692400107	1503997434060	1338692400107
1338692400107	1504092330972	1338692400107
1338692400107	1504199089998	1338692400107
1338692400107	1504293986910	1338692400107
1338692400107	1504388883822	1338692400107
1338692400107	1504483780734	1338692400107
1338692400107	1504578677646	1338692400107
1338692400107	1504673574558	1338692400107
1338692400107	1504780333584	1338692400107
1338692400107	1504875230496	1338692400107
1338692400107	1504970127408	1338692400107
1338692400107	1505076886434	1338692400107
1338692400107	1505183645460	1338692400107
1338692400107	1505278542372	1338692400107
1338692400107	1505385301398	1338692400107
1338692400107	1505492060424	1338692400107
1338692400107	1505586957336	1338692400107
1338692400107	1505681854248	1338692400107
1338692400107	1505776751160	1338692400107
1338692400107	1505883510186	1338692400107
1338692400107	1505978407098	1338692400107
1338692400107	1506073304010	1338692400107
1338692400107	1506168200922	1338692400107
1338692400107	1506263097834	1338692400107
1338692400107	1506369856860	1338692400107
1338692400107	1506476615886	1338692400107
1338692400107	1506571512798	1338692400107
1338692400107	1506666409710	1338692400107
1338692400107	1506761306622	1338692400107
1338692400107	1506868065648	1338692400107
1338692400107	1506962962560	1338692400107
1338692400107	1507057859472	1338692400107
1338692400107	1507152756384	1338692400107
1338692400107	1507247653296	1338692400107
1338692400107	1507354412322	1338692400107
1338692400107	1507449309234	1338692400107
1338692400107	1507544206146	1338692400107
1338692400107	1507650965172	1338692400107
1338692400107	1507745862084	1338692400107
1338692400107	1507840758996	1338692400107
1338692400107	1507947518022	1338692400107
1338692400107	1508042414934	1338692400107
1338692400107	1508137311846	1338692400107
1338692400107	1508244070872	1338692400107
1338692400107	1508338967784	1338692400107
1338692400107	1508433864696	1338692400107
1338692400107	1508540623722	1338692400107
1338692400107	1508635520634	1338692400107
1338692400107	1508742279660	1338692400107
1338692400107	1508849038686	1338692400107
1338692400107	1508943935598	1338692400107
1338692400107	1509038832510	1338692400107
1338692400107	1509133729422	1338692400107
1338692400107	1509240488448	1338692400107
1338692400107	1509347247474	1338692400107
1338692400107	1509454006500	1338692400107
1338692400107	1509548903412	1338692400107
1338692400107	1509643800324	1338692400107
1338692400107	1509738697236	1338692400107
1338692400107	1509833594148	1338692400107
1338692400107	1509928491060	1338692400107
1338692400107	1510023387972	1338692400107
1338692400107	1510130146998	1338692400107
1338692400107	1510213181796	1338692400107
1338692400107	1510319940822	1338692400107
1338692400107	1510426699848	1338692400107
1338692400107	1510521596760	1338692400107
1338692400107	1510616493672	1338692400107
1338692400107	1510723252698	1338692400107
1338692400107	1510818149610	1338692400107
1338692400107	1510924908636	1338692400107
1338692400107	1511019805548	1338692400107
1338692400107	1511126564574	1338692400107
1338692400107	1511221461486	1338692400107
1338692400107	1511316358398	1338692400107
1338692400107	1511423117424	1338692400107
1338692400107	1511518014336	1338692400107
1338692400107	1511612911248	1338692400107
1338692400107	1511707808160	1338692400107
1338692400107	1511814567186	1338692400107

