11862114
1338692400107	1844297760492	1338692400107
1338692400107	1844368933176	1338692400107
1338692400107	1844440105860	1338692400107
1338692400107	1844523140658	1338692400107
1338692400107	1844594313342	1338692400107
1338692400107	1844665486026	1338692400107
1338692400107	1844748520824	1338692400107
1338692400107	1844831555622	1338692400107
1338692400107	1844902728306	1338692400107
1338692400107	1844973900990	1338692400107
1338692400107	1845045073674	1338692400107
1338692400107	1845116246358	1338692400107
1338692400107	1845199281156	1338692400107
1338692400107	1845270453840	1338692400107
1338692400107	1845341626524	1338692400107
1338692400107	1845424661322	1338692400107
1338692400107	1845495834006	1338692400107
1338692400107	1845567006690	1338692400107
1338692400107	1845650041488	1338692400107
1338692400107	1845721214172	1338692400107
1338692400107	1845792386856	1338692400107
1338692400107	1845875421654	1338692400107
1338692400107	1845946594338	1338692400107
1338692400107	1846017767022	1338692400107
1338692400107	1846088939706	1338692400107
1338692400107	1846160112390	1338692400107
1338692400107	1846231285074	1338692400107
1338692400107	1846302457758	1338692400107
1338692400107	1846373630442	1338692400107
1338692400107	1846444803126	1338692400107
1338692400107	1846527837924	1338692400107
1338692400107	1846599010608	1338692400107
1338692400107	1846682045406	1338692400107
1338692400107	1846753218090	1338692400107
1338692400107	1846824390774	1338692400107
1338692400107	1846907425572	1338692400107
1338692400107	1846978598256	1338692400107
1338692400107	1847049770940	1338692400107
1338692400107	1847120943624	1338692400107
1338692400107	1847192116308	1338692400107
1338692400107	1847263288992	1338692400107
1338692400107	1847346323790	1338692400107
1338692400107	1847417496474	1338692400107
1338692400107	1847488669158	1338692400107
1338692400107	1847571703956	1338692400107
1338692400107	1847654738754	1338692400107
1338692400107	1847737773552	1338692400107
1338692400107	1847808946236	1338692400107
1338692400107	1847891981034	1338692400107
1338692400107	1847963153718	1338692400107
1338692400107	1848034326402	1338692400107
1338692400107	1848105499086	1338692400107
1338692400107	1848188533884	1338692400107
1338692400107	1848259706568	1338692400107
1338692400107	1848330879252	1338692400107
1338692400107	1848413914050	1338692400107
1338692400107	1848485086734	1338692400107
1338692400107	1848568121532	1338692400107
1338692400107	1848639294216	1338692400107
1338692400107	1848710466900	1338692400107
1338692400107	1848781639584	1338692400107
1338692400107	1848852812268	1338692400107
1338692400107	1848923984952	1338692400107
1338692400107	1848995157636	1338692400107
1338692400107	1849078192434	1338692400107
1338692400107	1849149365118	1338692400107
1338692400107	1849220537802	1338692400107
1338692400107	1849303572600	1338692400107
1338692400107	1849374745284	1338692400107
1338692400107	1849445917968	1338692400107
1338692400107	1849517090652	1338692400107
1338692400107	1849600125450	1338692400107
1338692400107	1849671298134	1338692400107
1338692400107	1849754332932	1338692400107
1338692400107	1849825505616	1338692400107
1338692400107	1849908540414	1338692400107
1338692400107	1849991575212	1338692400107
1338692400107	1850062747896	1338692400107
1338692400107	1850145782694	1338692400107
1338692400107	1850216955378	1338692400107
1338692400107	1850299990176	1338692400107
1338692400107	1850371162860	1338692400107
1338692400107	1850442335544	1338692400107
1338692400107	1850525370342	1338692400107
1338692400107	1850596543026	1338692400107
1338692400107	1850667715710	1338692400107
1338692400107	1850750750508	1338692400107
1338692400107	1850833785306	1338692400107
1338692400107	1850904957990	1338692400107
1338692400107	1850976130674	1338692400107
1338692400107	1851047303358	1338692400107
1338692400107	1851118476042	1338692400107
1338692400107	1851201510840	1338692400107
1338692400107	1851272683524	1338692400107
1338692400107	1851355718322	1338692400107
1338692400107	1851438753120	1338692400107
1338692400107	1851509925804	1338692400107
1338692400107	1851581098488	1338692400107
1338692400107	1851664133286	1338692400107
1338692400107	1851735305970	1338692400107
1338692400107	1851806478654	1338692400107
1338692400107	1851877651338	1338692400107
1338692400107	1851960686136	1338692400107
1338692400107	1852031858820	1338692400107
1338692400107	1852103031504	1338692400107
1338692400107	1852174204188	1338692400107
1338692400107	1852245376872	1338692400107
1338692400107	1852328411670	1338692400107
1338692400107	1852399584354	1338692400107
1338692400107	1852470757038	1338692400107
1338692400107	1852541929722	1338692400107
1338692400107	1852624964520	1338692400107
1338692400107	1852696137204	1338692400107
1338692400107	1852767309888	1338692400107
1338692400107	1852838482572	1338692400107
1338692400107	1852909655256	1338692400107
1338692400107	1852992690054	1338692400107
1338692400107	1853063862738	1338692400107
1338692400107	1853146897536	1338692400107
1338692400107	1853218070220	1338692400107
1338692400107	1853289242904	1338692400107
1338692400107	1853360415588	1338692400107
1338692400107	1853431588272	1338692400107
1338692400107	1853514623070	1338692400107
1338692400107	1853585795754	1338692400107
1338692400107	1853668830552	1338692400107
1338692400107	1853740003236	1338692400107

