11862114
0	0	0
0	0	0
0	0	0
0	0	0
0	0	0
0	0	0
0	0	0
1338692400107	1777253092164	1338692400107
1338692400107	1777336126962	1338692400107
1338692400107	1777431023874	1338692400107
1338692400107	1777537782900	1338692400107
1338692400107	1777620817698	1338692400107
1338692400107	1777703852496	1338692400107
1338692400107	1777786887294	1338692400107
1338692400107	1777858059978	1338692400107
1338692400107	1777941094776	1338692400107
1338692400107	1778024129574	1338692400107
1338692400107	1778107164372	1338692400107
1338692400107	1778190199170	1338692400107
1338692400107	1778273233968	1338692400107
1338692400107	1778356268766	1338692400107
1338692400107	1778427441450	1338692400107
1338692400107	1778522338362	1338692400107
1338692400107	1778605373160	1338692400107
1338692400107	1778700270072	1338692400107
1338692400107	1778783304870	1338692400107
1338692400107	1778866339668	1338692400107
1338692400107	1778961236580	1338692400107
1338692400107	1779044271378	1338692400107
1338692400107	1779127306176	1338692400107
1338692400107	1779222203088	1338692400107
1338692400107	1779305237886	1338692400107
1338692400107	1779388272684	1338692400107
1338692400107	1779471307482	1338692400107
1338692400107	1779554342280	1338692400107
1338692400107	1779637377078	1338692400107
1338692400107	1779720411876	1338692400107
1338692400107	1779815308788	1338692400107
1338692400107	1779886481472	1338692400107
1338692400107	1779981378384	1338692400107
1338692400107	1780064413182	1338692400107
1338692400107	1780147447980	1338692400107
1338692400107	1780230482778	1338692400107
1338692400107	1780313517576	1338692400107
1338692400107	1780396552374	1338692400107
1338692400107	1780479587172	1338692400107
1338692400107	1780562621970	1338692400107
1338692400107	1780645656768	1338692400107
1338692400107	1780740553680	1338692400107
1338692400107	1780835450592	1338692400107
1338692400107	1780918485390	1338692400107
1338692400107	1780989658074	1338692400107
1338692400107	1781084554986	1338692400107
1338692400107	1781167589784	1338692400107
1338692400107	1781250624582	1338692400107
1338692400107	1781345521494	1338692400107
1338692400107	1781416694178	1338692400107
1338692400107	1781499728976	1338692400107
1338692400107	1781582763774	1338692400107
1338692400107	1781665798572	1338692400107
1338692400107	1781748833370	1338692400107
1338692400107	1781831868168	1338692400107
1338692400107	1781914902966	1338692400107
1338692400107	1781997937764	1338692400107
1338692400107	1782080972562	1338692400107
1338692400107	1782164007360	1338692400107
1338692400107	1782247042158	1338692400107
1338692400107	1782330076956	1338692400107
1338692400107	1782413111754	1338692400107
1338692400107	1782484284438	1338692400107
1338692400107	1782567319236	1338692400107
1338692400107	1782650354034	1338692400107
1338692400107	1782733388832	1338692400107
1338692400107	1782816423630	1338692400107
1338692400107	1782899458428	1338692400107
1338692400107	1782982493226	1338692400107
1338692400107	1783065528024	1338692400107
1338692400107	1783148562822	1338692400107
1338692400107	1783231597620	1338692400107
1338692400107	1783314632418	1338692400107
1338692400107	1783385805102	1338692400107
1338692400107	1783480702014	1338692400107
1338692400107	1783551874698	1338692400107
1338692400107	1783646771610	1338692400107
1338692400107	1783729806408	1338692400107
1338692400107	1783812841206	1338692400107
1338692400107	1783895876004	1338692400107
1338692400107	1783978910802	1338692400107
1338692400107	1784061945600	1338692400107
1338692400107	1784144980398	1338692400107
1338692400107	1784228015196	1338692400107
1338692400107	1784311049994	1338692400107
1338692400107	1784394084792	1338692400107
1338692400107	1784477119590	1338692400107
1338692400107	1784572016502	1338692400107
1338692400107	1784655051300	1338692400107
1338692400107	1784738086098	1338692400107
1338692400107	1784821120896	1338692400107
1338692400107	1784904155694	1338692400107
1338692400107	1784975328378	1338692400107
1338692400107	1785058363176	1338692400107
1338692400107	1785141397974	1338692400107
1338692400107	1785224432772	1338692400107
1338692400107	1785307467570	1338692400107
1338692400107	1785390502368	1338692400107
1338692400107	1785473537166	1338692400107
1338692400107	1785556571964	1338692400107
1338692400107	1785639606762	1338692400107
1338692400107	1785722641560	1338692400107
1338692400107	1785805676358	1338692400107
1338692400107	1785888711156	1338692400107
1338692400107	1785959883840	1338692400107
1338692400107	1786042918638	1338692400107
1338692400107	1786125953436	1338692400107
1338692400107	1786208988234	1338692400107
1338692400107	1786292023032	1338692400107
1338692400107	1786363195716	1338692400107
1338692400107	1786446230514	1338692400107
1338692400107	1786529265312	1338692400107
1338692400107	1786624162224	1338692400107
1338692400107	1786707197022	1338692400107
1338692400107	1786790231820	1338692400107
1338692400107	1786873266618	1338692400107
1338692400107	1786956301416	1338692400107
1338692400107	1787039336214	1338692400107
1338692400107	1787122371012	1338692400107
1338692400107	1787205405810	1338692400107

