13334426
422958729452	422962458300	422928806500
422985745566	422989542500	422962359000
423013881757	423015973000	422984463700
423040243089	423040701000	423012044100
423067195676	423068272900	423038849100
423095839585	423100345500	423068190500
423124330752	423122826000	423094485100
423151521726	423149742400	423130047400
423181476565	423177277000	423157428700
423208342576	423208733800	423180987500
423235305925	423233020600	423204686700
423262308984	423260673800	423236100100
423291126192	423288262900	423260641600
423316156077	423318633800	423288220500
423342069666	423346064000	423315674400
423369511297	423369407600	423343504500
423397410002	423396583200	423367497300
423424586146	423428359700	423396542400
423451371881	423455658900	423424179300
423477799829	423484915400	423450182700
423505271347	423508661300	423480631600
423533401322	423531414100	423504055300
423562005322	423561990900	423532180100
423589945182	423594360700	423559936700
423616959649	423621947500	423594250100
423644825964	423641354200	423621889600
423673320595	423674321000	423642006300
423700010800	423701167700	423670399800
423725400085	423725604800	423695851000
423751956052	423747433900	423725244700
423778932706	423773442200	423747396200
423805910109	423818873800	423775093400
423831987691	423825247000	423802397900
423857643637	423850794500	423822456600
423879341974	423880785300	423850754700
423906892883	423910101300	423875736300
423931869631	423933831300	423903648100
423957225029	423961336100	423922109900
423978213987	423987858300	423934693300
423992459474	423996039700	423962382300
424019984203	424015661200	423988841900
424046742967	424052212000	424024839200
424074394538	424070010200	424052187000
424100843494	424106656300	424071112200
424128429420	424137416500	424105910100
424153762080	424161544900	424121630600
424178177088	424189031700	424149300800
424205487075	424217495100	424162482500
424220176664	424229105500	424190186600
424247541155	424256780300	424219005600
424275554729	424275285000	424256197600
424304104827	424302873300	424276397300
424332860606	424329948500	424304082100
424361179849	424363485500	424329985300
424388075143	424383793200	424362848400
424415379959	424411729200	424384657300
424442360991	424441239500	424412915000
424470089397	424469270800	424438302900
424495868622	424494411800	424467919300
424523399302	424519793200	424491226800
424549608306	424551007100	424517449000
424575259909	424577194000	424546845500
424602810871	424602815500	424574664100
424630164941	424630070800	424599933800
424657694557	424662612300	424630025900
424685607570	424687184500	424656680200
424714105640	424714008300	424685434700
424742061936	424742813000	424713981300
424769277693	424773521500	424742780000
424796172999	424796160700	424767743500
424823654923	424824711100	424793744800
424851197423	424852576000	424824677600
424878585202	424883365300	424851609000
424906087946	424908150400	424876767100
424934376321	424938349900	424908118200
424962589481	424958703400	424938241100
424989849109	424985728500	424959487300
425017264992	425016514100	424985747200
425043263877	425040342100	425016489200
425069875046	425066883900	425040317700
425096030321	425097769400	425065033400
425122328981	425133230000	425092800100
425148235469	425160477600	425118106100
425174151080	425185153900	425145206900
425200696228	425212032900	425170000400
425226318306	425238360800	425198858300
425252185649	425264867000	425219047100
425273590944	425270528100	425248897000
425302023819	425295418900	425270407200
425325473600	425334174600	425294601800
425349947004	425363544500	425315089000
425370010187	425375066300	425347309200
425397224574	425401121400	425365192100
425422528483	425428119200	425391161900
425447205431	425454880200	425417855600
425470715869	425481022100	425442165900
425490588979	425489302300	425469863300
425515996948	425523279200	425499957900
425541966102	425547357600	425523210200
425570175466	425578626300	425545247300
425593311897	425605505400	425567854500
425617026862	425621091200	425593247700
425641520314	425647563900	425621050100
425657864495	425659832900	425647516500
425695916500	425703453900	425674886300
425719585825	425731081600	425703415600
425743441924	425743775200	425731046800
425771331363	425767205500	425758193600
425805655735	425813039000	425781482900
425829528332	425839094000	425803114400
425855020530	425866970700	425830755400
425879656488	425892220000	425857223000
425903980555	425898204300	425882765000
425923423448	425932798700	425909423000
425948731862	425943912500	425932755400
425975874094	425969130600	425953794400
426000222100	426004341000	425980158200
426023693624	426031218900	426003649900
426048657623	426057117200	426031171700
426072238463	426085779900	426057078500
426098028734	426113186000	426085712600
426124366472	426125181000	426113143200
426161275142	426167915200	426139473500
426180221057	426179626900	426167865700
426206122330	426208053600	426195367500
426244204808	426244335500	426225870300
426268745671	426270235600	426255121300

