13334426
446191907989	446188151600	446162542400
446217554776	446219057300	446188126900
446243547665	446244123100	446214323700
446270121516	446273613200	446238931800
446295165857	446298485200	446265754300
446321421350	446317050600	446292555900
446347936464	446346164900	446317079800
446374912695	446373518000	446339671300
446395466441	446397963000	446367645400
446423564237	446423653100	446395113800
446452819393	446455322100	446420167900
446478624039	446486897600	446449530800
446505663395	446508724100	446470385800
446526162341	446530096500	446487573600
446545345997	446539456100	446509252300
446567230621	446570125600	446537563000
446594820501	446597082300	446562102500
446614868305	446625136300	446587441000
446630354469	446634210700	446613017500
446661367739	446668463500	446645365200
446688177815	446694689900	446668394300
446715414737	446724225300	446683488000
446741546573	446748991700	446712247400
446767783283	446773873600	446738312600
446781999591	446789453600	446766314300
446803493977	446816483400	446789409900
446837947025	446842732700	446816445400
446864759425	446870444400	446842670200
446886097564	446897746100	446870413700
446913484795	446924288400	446897618200
446945223020	446950068900	446924215300
446971811141	446980044900	446950000000
446997857537	447006525300	446979991400
447024257813	447034343500	447006478500
447050249715	447063863700	447033338100
447077651656	447088309800	447063821400
447105573229	447116174600	447088265300
447133604008	447142076800	447116133000
447164046650	447170413500	447142024400
447191385884	447197453600	447170379200
447219241612	447225798400	447197423800
447244597914	447252978800	447225758500
447273430175	447278268800	447252355500
447299954544	447307203800	447278199200
447325919820	447334167900	447307167800
447351478400	447361107200	447334120600
447382251564	447390079500	447361069400
447409375995	447416738800	447390034500
447436966021	447442381300	447416696200
447464452081	447472384700	447442345800
447490875569	447497317100	447472337800
447519671719	447522893400	447497282000
447545778599	447553081300	447522797300
447573059844	447572201600	447543335900
447600825279	447599370600	447573550300
447630573448	447635732000	447600841300
447657863642	447661951200	447635646400
447684368818	447689130600	447652936400
447711543159	447707577400	447689096500
447739250811	447734708100	447708331500
447766225313	447767256000	447735679000
447793256035	447792607000	447762976400
447819558992	447817416100	447789038800
447846422478	447848301100	447814843400
447871982486	447884303700	447841992300
447897828893	447910145100	447867680600
447923942819	447936620400	447893616600
447949372539	447947461600	447920442800
447975505056	447973997000	447937096700
447995251089	447998982000	447965271200
448022965355	448024323100	447998957100
448049893428	448049845300	448016909500
448074365927	448074948700	448041529300
448098874586	448099037800	448066795800
448124756373	448121809900	448090988200
448145605982	448151191100	448116033500
448173992670	448177708300	448141218000
448198962380	448205546300	448171431900
448218912768	448225287100	448196321400
448245334899	448246673800	448225245200
448266385783	448273233200	448246632700
448294746071	448288597700	448273190900
448321826641	448334627900	448300604700
448348319417	448353019800	448322137500
448370516278	448374250100	448351729600
448399036886	448403899500	448374212800
448424727813	448432329100	448395725500
448450284635	448457136300	448421218300
448469788812	448475335200	448446895400
448490261094	448497083000	448475236100
448520162599	448529860800	448497042600
448545808064	448556264200	448520834600
448572392575	448579855000	448545382200
448593784864	448588861800	448572275700
448620440156	448626030100	448599777300
448647849029	448653855600	448614239700
448671661527	448680250200	448645269500
448696183966	448707172900	448671087200
448722202017	448731408200	448698428800
448746560478	448747491800	448722033700
448770402006	448773740900	448746821100
448795302009	448800571000	448773702600
448819858392	448827360500	448791295800
448843788918	448853577000	448816594700
448864821238	448869487000	448843497700
448891876475	448896191100	448869452100
448917609644	448923186000	448896155000
448943762319	448949501400	448923136100
448965371800	448976849700	448949464100
448991294524	449005173100	448976808600
449024832603	449031045600	449004560200
449051979747	449059233800	449031007500
449078935482	449085145000	449059196300
449102656050	449112022100	449085106700
449127314484	449140983900	449111979500
449154097931	449166393300	449140950300
449189000549	449195952600	449166346000
449208127264	449222233600	449195832500
449243249035	449248727600	449222175400
449270356612	449276865800	449248681100
449293918234	449303403800	449268557000
449324672551	449324123200	449303366100
449354560665	449350783700	449325286100
449382529157	449381445700	449351725400
449409098089	449408929900	449378194800
449436012736	449434016800	449403023500
449457332653	9223372036854775807	449431890800

