13334426
417700979932	417704224200	417669557700
417724481190	417731885900	417704178900
417747844896	417757468700	417731820200
417773630861	417782278100	417757420700
417795687833	417792754000	417782233000
417823605051	417834666100	417806645600
417851504205	417857920400	417834580600
417875807068	417878212500	417848804200
417896681739	417903179000	417868100800
417924201355	417929997700	417894028900
417947378348	417957496700	417920874400
417974166923	417981953400	417947368000
418002896743	418009767500	417972961700
418027713938	418035180200	417999030500
418054902175	418060971200	418035131100
418082875784	418088343200	418060957900
418109862011	418113125500	418088310800
418136630533	418139833500	418113085400
418161727391	418165124100	418129576200
418186265737	418192038900	418165085900
418213404754	418217238100	418191980600
418231658127	418244322200	418217192700
418262060926	418270788500	418233901700
418288130305	418295584200	418260385600
418315960608	418322018500	418295536800
418341457371	418348878700	418312543500
418367488241	418374344100	418338925100
418394078237	418401141000	418364343500
418419992634	418426591500	418390883100
418447508711	418453863900	418426535800
418474777353	418479076900	418453826300
418501028447	418507119600	418479053300
418527405521	418531179900	418507084800
418555243921	418557292000	418521581000
418579327681	418583000300	418557265400
418604119569	418612998100	418573399200
418630072600	418639847400	418612967200
418655810184	418667488400	418630451700
418683564151	418692345200	418667445400
418713858865	418720716800	418682781500
418740133757	418745956900	418709690400
418767902409	418773618600	418745914900
418794661892	418798972600	418773530900
418821804318	418825256000	418798935600
418847905618	418851184500	418825218900
418873937999	418877283800	418851146200
418899870143	418904375900	418877233500
418925721959	418929805500	418904332100
418951945811	418956153500	418929760200
418977107013	418982471900	418946540800
419001527735	419010243000	418972430700
419026792932	419035259400	419009792600
419053168450	419060079200	419035214600
419079309304	419088417300	419051082600
419106957607	419114267700	419077246200
419133534350	419139011500	419103291200
419160986104	419165001500	419129364300
419186872708	419193417700	419155887100
419213727990	419218414600	419193374300
419240693177	419245815900	419218379300
419266747325	419270769500	419235188700
419292518185	419297536700	419270714700
419319257892	419323046300	419287204900
419345471898	419349071500	419313011400
419371381962	419375737900	419339205800
419395801934	419399934500	419365640700
419421539991	419426861100	419390847000
419447303437	419453240700	419426817200
419475064154	419480116500	419453190700
419501749388	419504912800	419469534800
419526891194	419531898600	419495220000
419553028980	419557194100	419531824700
419579033348	419583683600	419557152500
419604343602	419610902000	419583618000
419630692666	419634859900	419600022700
419656386157	419661099600	419634818700
419682698810	419687459400	419651811000
419708657232	419716278100	419677815100
419735696150	419742667400	419707410200
419761821064	419769269000	419733853200
419788732136	419796631700	419762335300
419816511033	419817021100	419796528000
419844881230	419845172800	419820166200
419872928628	419873534300	419845964200
419898901947	419897372700	419868359000
419925308122	419924820400	419897345400
419953360922	419952217500	419924308800
419979907861	419988077500	419952185200
420007192553	420008896800	419976798000
420033379327	420037280700	420004728400
420060463586	420061623200	420031177000
420088027953	420084837600	420057227800
420114869146	420120249400	420089614700
420142258781	420145196000	420113501200
420169116789	420170145600	420140164900
420196482076	420193374000	420166743100
420223472085	420228782100	420195681300
420251485892	420253187400	420222660100
420278856598	420280592400	420250192700
420307512942	420312054400	420280509500
420334496938	420337575100	420305874700
420362370475	420364490800	420333197300
420389804204	420389010100	420364464700
420418901147	420421853700	420392250100
420447669522	420447522900	420416789600
420473996982	420475409000	420447389300
420501309190	420500601400	420475374900
420528917696	420529904200	420499324600
420556228901	420556963600	420526302300
420581991985	420585420400	420552311000
420607859052	420608266400	420578124100
420634742526	420634144100	420605136400
420661108125	420657519900	420634067700
420687517944	420681270900	420657602800
420714780800	420726421800	420686197400
420739847484	420732618100	420712470300
420765242131	420758497200	420732389900
420787898009	420795923500	420756573200
420814104332	420818093700	420782688700
420839172749	420841531800	420807039900
420857937604	420861682400	420828899200
420876749127	420880779700	420852128700
420900109466	420905928300	420870462400
420926507637	420932424800	420905883000
420950778094	420961039600	420932381000
420969126739	420970575800	420960994300
420996355896	421001512600	420985349000

