13334426
440833637658	440833919800	440806661200
440854676530	440861663500	440825387200
440881967509	440886870100	440851160900
440901865991	440915783500	440886844600
440931356937	440940896300	440915746600
440962754294	440959907300	440940868900
440989689799	440998427100	440970719900
441018524744	441024147800	440998415000
441045093159	441050027000	441024108700
441071812551	441077438800	441049996100
441098077125	441103954800	441067609500
441125722685	441132449400	441094685200
441152723372	441148925500	441120598100
441179030382	441184416600	441159781500
441207643249	441211207500	441174291900
441232239964	441237949200	441204707900
441257968335	441265117500	441230628500
441284348092	441291697900	441256966400
441310776498	441318678300	441283995400
441337533643	441335817200	441308667500
441365237658	441377706300	441346014000
441394356091	441400970100	441367258900
441423418897	441422211700	441400936800
441452616242	441449096800	441422181000
441479623138	441479905500	441449846500
441507120514	441513152800	441476276300
441532767996	441534586300	441498470900
441555206221	441564308800	441524583900
441573959901	441573368100	441545958200
441593232965	441594476900	441564280000
441615375316	441625318600	441585649000
441635929717	441636072000	441608539700
441656688878	441662745400	441626422700
441683831386	441690717100	441652565200
441710125393	441714971100	441690673700
441737915219	441743472900	441705743500
441763738579	441767885300	441743432600
441791167268	441795261500	441758126000
441815170658	441821759600	441785052600
441842160011	441847101300	441811568900
441867704313	441872960800	441847054600
441894227914	441900396000	441863591500
441920714996	441926731600	441900349600
441946971721	441952055000	441926676800
441974163341	441978429100	441952007600
441999347337	442004953800	441968618000
442024761454	442030822400	442004906200
442050056587	442057370400	442020564500
442077418934	442083245500	442057326800
442104357671	442110072300	442083204300
442131224961	442134930800	442099852400
442157323893	442162733100	442127035100
442183742859	442187137600	442152219200
442210034191	442214005700	442187090700
442235438357	442243817100	442213351200
442261215450	442265148900	442242804500
442288812744	442294146700	442265122000
442313428920	442322506800	442284821200
442339825420	442347891600	442312496500
442365746800	442375380600	442338808500
442392637264	442403327300	442365405400
442420519916	442430064300	442402515200
442447674117	442455408700	442429850800
442476785337	442483934400	442455345900
442503316314	442510809600	442473407800
442530988476	442528022800	442510764400
442558627845	442555495400	442529293900
442586707700	442590618500	442564702200
442614153404	442615060100	442582645500
442639501467	442644340300	442614929900
442666665478	442669890100	442644291500
442694475427	442690236900	442669851600
442720890126	442716388700	442691599000
442748711165	442743578800	442718781800
442775043036	442772377900	442743555500
442799812813	442797673000	442768376100
442825151554	442824605300	442794071000
442850567108	442844646100	442820310900
442876953270	442887514300	442845445200
442902813801	442913937300	442871286600
442928163745	442941552400	442898803400
442956150200	442966550100	442927758600
442984567404	442993052500	442942641100
442999402947	442997943900	442968926900
443026200482	443025079900	442997917500
443054829750	443057187500	443026412400
443083216104	443086133800	443057133700
443111204848	443112801000	443085323400
443138061942	443136359800	443112732400
443164955918	443159176000	443136281200
443191124579	443191044800	443161407800
443217650927	443218433400	443188022900
443243464126	443244436000	443213372300
443269767965	443266225800	443240939400
443297204536	443309258000	443268137000
443324814453	443337501800	443294069700
443350957667	443356097500	443322448800
443378763077	443381736200	443351824700
443407707806	443407384800	443380202800
443437630029	443438106500	443410317500
443465901848	443464855800	443438089800
443494927182	443492714100	443466860100
443523524930	443522714100	443494776400
443551240868	443546926300	443522685700
443577467659	443574865200	443548870800
443605649991	443601459800	443574846600
443631648417	443631765000	443601439800
443658202578	443655617200	443627898800
443684835247	443682921300	443654746500
443711954081	443708696000	443681589500
443738679349	443740877400	443708379200
443765158044	443766253800	443735925700
443791968359	443792822800	443762520800
443819828692	443820721400	443792773300
443849042837	443849427500	443820607500
443876135754	443876747000	443848139500
443905196728	443903808800	443876720600
443933554986	443932076200	443905837300
443961972493	443958769500	443937175900
443989907079	443985831100	443960531500
444017039367	444012826900	443988390800
444044420738	444038239200	444015076400
444071264755	444069510300	444038205800
444096845048	444094087500	444066086700
444122869722	444124557700	444093174700
444149820982	444151186500	444120841300
444175878630	444170896300	444146900700

