# SurfaceFlinger --latency for 'SurfaceView[com.epidgames.trickcalrevive/com.google.firebase.MessagingUnityPlayerActivity](BLAST)#300' after --latency-clear and 4 s; sampled 2026-09-26T18:58:56.8794220+09:00 fourth window
# frames 127 over 2.40 s = 52.5 fps; frame time p50 17.1 ms, p90 33.1, p99 36.5, max 36.6

16678174
10119661338793	10119651781100	10119647728200
10119678217562	10119667305900	10119654297200
10119694584436	10119684587000	10119674016400
10119727188308	10119718158000	10119706273300
10119743492693	10119736955500	10119731391100
10119759237122	10119764373900	10119736924600
10119775238604	10119778827200	10119753961500
10119790805931	10119788842900	10119771833900
10119808322851	10119805241700	10119783355600
10119823775768	10119823586900	10119800289200
10119840629902	10119838463600	10119817013800
10119857304468	10119855190200	10119833222200
10119873614542	10119874761400	10119854834000
10119891872720	10119891602600	10119874128800
10119908575643	10119908737100	10119885728000
10119925973402	10119928076600	10119903575500
10119943898168	10119940970500	10119921449900
10119961676022	10119958106600	10119939391100
10119979627044	10119980603400	10119958112500
10119998520242	10119993119600	10119977352600
10120015700421	10120011304200	10119993708600
10120033196164	10120025115200	10120011781400
10120051519478	10120041433500	10120031782000
10120069436229	10120057714400	10120048794900
10120103874647	10120091731700	10120089642200
10120120196725	10120107535300	10120097149200
10120137356347	10120125544800	10120120287200
10120154580385	10120142150500	10120136740500
10120171433915	10120157724100	10120156398600
10120187227119	10120193847500	10120172980700
10120203528482	10120208265100	10120190682400
10120203528482	10120226136100	10120219571000
10120250961141	10120241367200	10120240267200
10120267635620	10120263303600	10120257436800
10120282822163	10120274466200	10120263330100
10120298602517	10120299536800	10120291806700
10120298602517	10120315255800	10120299526400
10120298602517	10120328319000	10120325822100
10120298602517	10120347736500	10120343452500
10120298602517	10120364548500	10120359874800
10120298602517	10120382798400	10120365552700
10120298602517	10120394656800	10120382874500
10120298602517	10120415249100	10120412210800
10120298602517	10120430752800	10120429717300
10120298602517	10120464849500	10120448569200
10120298602517	10120481572500	10120464248600
10120298602517	10120498274500	10120480956300
10120298602517	10120514707600	10120498072900
10120298602517	10120535863200	10120514671000
10120298602517	10120551118600	10120549004800
10120591665242	10120585761200	10120584308200
10120627095008	10120618837200	10120606017800
10120645938713	10120634719500	10120633384900
10120679932245	10120670945400	10120661025800
10120696809363	10120689298700	10120680839400
10120714132477	10120722019000	10120708083000
10120730714149	10120738555300	10120721987800
10120765034052	10120775010800	10120757941300
10120765034052	10120791742600	10120785917800
10120815541222	10120809197900	10120802490000
10120832362004	10120833893100	10120819354400
10120849163891	10120840517900	10120833852500
10120864143299	10120857208200	10120850726400
10120881166327	10120885485400	10120867889700
10120897991008	10120902238700	10120877112100
10120913393794	10120918635500	10120894114600
10120929835942	10120936939200	10120909594300
10120946711260	10120953677200	10120926855500
10120963166295	10120961848900	10120953631200
10120963166295	10120996584600	10120993460200
10120963166295	10121017531200	10121011505700
10120963166295	10121036380500	10121027742100
10120963166295	10121053024700	10121042728800
10120963166295	10121066382900	10121063394700
10121085030134	10121082467400	10121079644600
10121103011694	10121101719100	10121095541500
10121121281182	10121119452400	10121112984700
10121140245413	10121144016400	10121133290600
10121140245413	10121178483900	10121154275700
10121140245413	10121195393500	10121168924400
10121140245413	10121202527300	10121195342400
10121140245413	10121222165600	10121217721900
10121247822879	10121258792700	10121235577200
10121264101910	10121264791400	10121252843500
10121281328195	10121292395500	10121275537600
10121298083723	10121309478800	10121288845500
10121315182706	10121327116200	10121305722500
10121331445992	10121340229500	10121322013800
10121364657187	10121359730500	10121354107900
10121380869377	10121374132300	10121370109600
10121397339528	10121402679100	10121385682300
10121414619750	10121417598700	10121396278100
10121429496647	10121435900600	10121417561200
10121446376764	10121453494700	10121435863800
10121463248159	10121460523800	10121453446400
10121479978934	10121487968600	10121471187600
10121496836234	10121504632400	10121487921800
10121513803694	10121510633300	10121504593500
10121530700002	10121531389300	10121520754500
10121547953629	10121557000600	10121540406400
10121581130304	10121580808900	10121559335400
10121598359631	10121598566600	10121580768700
10121616040092	10121613762000	10121594727600
10121632870881	10121629712500	10121613702300
10121650886651	10121644775400	10121629738100
10121668145108	10121666233700	10121645979300
10121685036274	10121681875400	10121665970300
10121702058366	10121698201200	10121681734400
10121719496360	10121715279800	10121698011400
10121737395635	10121732923900	10121715137100
10121754169595	10121748817800	10121732920500
10121772521503	10121768573900	10121749347000
10121789311249	10121781910900	10121768430800
10121807484086	10121798937100	10121784337800
10121824715816	10121815570900	10121804443000
10121841552620	10121835959200	10121818977900
10121859434043	10121852194300	10121835920800
10121876264821	10121870424300	10121852163600
10121892497804	10121888471600	10121870336900
10121910373150	10121902290500	10121885935800
10121926156887	10121918138600	10121902270600
10121942648097	10121937042100	10121918969200
10121959313444	10121951598900	10121937058000
10121977245823	10121968650300	10121951582800
10122009138827	10122002888600	10121985662300
10122025694069	10122018733000	10122016178500
10122025694069	10122052706200	10122039726900

