# SurfaceFlinger --latency for 'SurfaceView[com.epidgames.trickcalrevive/com.google.firebase.MessagingUnityPlayerActivity](BLAST)#300' after --latency-clear and 4 s; sampled 2026-09-26T18:58:19.1533211+09:00 battle 1-3 replay wave 1, stock cpuinfo (2 processors), same boot and timing as the 4-processor run
# frames 127 over 2.63 s = 47.9 fps; frame time p50 18.3 ms, p90 34.5, p99 39.6, max 49.8

16678174
10081658471586	10081670533400	10081653776200
10081692487790	10081688268800	10081672982300
10081710664319	10081705078500	10081681155800
10081719570723	10081716262400	10081698795400
10081738056585	10081733309000	10081715405300
10081764087775	10081752587500	10081749464200
10081764087775	10081772351900	10081761618700
10081764087775	10081803335500	10081788836300
10081764087775	10081818327000	10081815735900
10081764087775	10081852374200	10081836748400
10081877482121	10081871793100	10081868879700
10081877482121	10081889962500	10081884453700
10081917977610	10081909207400	10081900347300
10081932118555	10081927457300	10081908991500
10081941058811	10081946866500	10081927077800
10081941058811	10081965119700	10081946621900
10081983668052	10081983794300	10081964842100
10081983668052	10082003130200	10081983658200
10082019354018	10082033954700	10082000045200
10082037408921	10082052681500	10082024768900
10082055973144	10082059833700	10082042119200
10082072275562	10082078640800	10082059579000
10082072275562	10082095516200	10082077732900
10082072275562	10082112562800	10082095235100
10082072275562	10082132024900	10082121244300
10082152032951	10082148198300	10082131915500
10082168497188	10082165017000	10082163382800
10082186323298	10082181485700	10082169801500
10082201084525	10082200220200	10082195511100
10082217002047	10082215041000	10082200063700
10082217002047	10082248251500	10082231942500
10082267066269	10082265068600	10082248131600
10082285159723	10082281316500	10082264834300
10082319989815	10082315686500	10082297561900
10082337376459	10082332593800	10082329117000
10082337376459	10082365730400	10082352978100
10082337376459	10082399089800	10082380669900
10082421332227	10082416896200	10082398503500
10082438522369	10082438328900	10082418541500
10082455458722	10082455362100	10082438098100
10082455458722	10082487914300	10082478226600
10082455458722	10082520309200	10082506481900
10082455458722	10082555024100	10082542010400
10082455458722	10082570952700	10082568806700
10082455458722	10082620731300	10082616712900
10082646355335	10082654008500	10082628768400
10082663410781	10082671148300	10082653757700
10082663410781	10082705966400	10082689896000
10082715206589	10082721439700	10082705794700
10082715206589	10082742039800	10082719290500
10082715206589	10082742293500	10082737244500
10082715206589	10082773573000	10082756640500
10082796884211	10082791056900	10082784258100
10082812416136	10082806922500	10082805267400
10082812416136	10082841450800	10082833721600
10082812416136	10082878272500	10082861772100
10082812416136	10082879369700	10082872920500
10082812416136	10082912869900	10082902348600
10082928924182	10082932225700	10082922380600
10082928924182	10082945747500	10082941937800
10082928924182	10082983720800	10082960165200
10082928924182	10083003138600	10082976445000
10082928924182	10083003740000	10082993180300
10082928924182	10083020537200	10083016996400
10082928924182	10083056807900	10083034293600
10082928924182	10083075689400	10083056656700
10082928924182	10083083337300	10083075511500
10083100080329	10083097795700	10083094591200
10083100080329	10083133473000	10083111649900
10083135527927	10083134256600	10083129420400
10083135527927	10083151615500	10083147322100
10083135527927	10083169381900	10083164224900
10083204943425	10083201743000	10083196577400
10083221566167	10083219943300	10083214674600
10083221566167	10083238410200	10083231363200
10083221566167	10083270944600	10083252355700
10083221566167	10083277474600	10083265329100
10083221566167	10083298545300	10083288640400
10083221566167	10083327885900	10083308711800
10083221566167	10083343981000	10083317746600
10083221566167	10083361320300	10083334278100
10083221566167	10083377903400	10083351644700
10083221566167	10083396533900	10083377840700
10083221566167	10083399347100	10083395794100
10083221566167	10083432569600	10083413332000
10083443820636	10083448281000	10083421939300
10083460470176	10083465385400	10083438400500
10083477405648	10083481999900	10083455753600
10083492346745	10083489640700	10083481956500
10083492346745	10083506017400	10083504376200
10083492346745	10083530020500	10083521724900
10083492346745	10083544496000	10083540760700
10083492346745	10083580462700	10083574304800
10083492346745	10083610468600	10083608138600
10083647151309	10083644819600	10083640802500
10083665593254	10083673021600	10083655376000
10083683177510	10083680863500	10083672967600
10083700406235	10083698332800	10083691659000
10083717106555	10083713602000	10083709681000
10083735417671	10083753186500	10083729534700
10083735417671	10083767895800	10083745376600
10083735417671	10083783814100	10083767850900
10083789439844	10083794030600	10083783762300
10083789439844	10083824902200	10083803999900
10083789439844	10083832491600	10083824842400
10083854447465	10083849946600	10083843263000
10083889359182	10083882251100	10083880939600
10083905221253	10083898766800	10083894801500
10083921520029	10083923772900	10083912850000
10083921520029	10083958235700	10083951851600
10083921520029	10083983246200	10083973434100
10083921520029	10084014494800	10083994220500
10084023835753	10084031170900	10084005865300
10084041535349	10084046939600	10084022359800
10084055876346	10084065370300	10084039563600
10084072694784	10084083199900	10084055627000
10084090272574	10084085833300	10084083112400
10084108459266	10084102372100	10084089640500
10084108459266	10084127093600	10084119321700
10084108459266	10084145612700	10084130761900
10084108459266	10084181274400	10084159629000
10084108459266	10084201921900	10084176438800
10084108459266	10084202545600	10084197082500
10084108459266	10084229645200	10084220116600
10084108459266	10084246411100	10084229390500
10084108459266	10084263016900	10084260306900
10084108459266	10084298765600	10084280612900

