# SurfaceFlinger --latency for 'SurfaceView[com.epidgames.trickcalrevive/com.google.firebase.MessagingUnityPlayerActivity](BLAST)#300' after --latency-clear and 4 s; sampled 2026-09-26T18:58:23.8469439+09:00 second window
# frames 127 over 2.33 s = 54.0 fps; frame time p50 17.1 ms, p90 28.7, p99 38.5, max 39.9

16678174
10086678738742	10086680791000	10086655185200
10086695435101	10086697664800	10086671736900
10086711558108	10086712439000	10086692205800
10086729111613	10086730817200	10086708999500
10086745940637	10086746159400	10086725716100
10086762688777	10086763833600	10086746133200
10086780570009	10086783403000	10086762953100
10086796672474	10086803126900	10086782494900
10086814213946	10086816708200	10086800010800
10086831465924	10086835681400	10086816141200
10086849737306	10086850060100	10086833176300
10086867695612	10086868663400	10086849502100
10086887547936	10086884308600	10086866272600
10086905069196	10086913143300	10086884247000
10086924594344	10086920939400	10086901453300
10086941814462	10086938171800	10086919299600
10086959680657	10086954354300	10086939312500
10086978642172	10086972518100	10086957261100
10086997333125	10086989673100	10086975239200
10087015192547	10087011006200	10087001807500
10087032904925	10087025888700	10087011025600
10087050728707	10087044693000	10087027379000
10087067814092	10087061188500	10087045723500
10087085952561	10087078189400	10087062334700
10087102755956	10087094259000	10087080235800
10087120526971	10087114483500	10087097141600
10087137488664	10087131392400	10087114511000
10087154359698	10087150779700	10087131368500
10087171573386	10087164567300	10087150625500
10087187517876	10087181117700	10087164545200
10087204825287	10087198316000	10087181048100
10087221477377	10087214394100	10087198858800
10087239008689	10087231127200	10087214376000
10087254479558	10087248954300	10087231132500
10087271592173	10087268595000	10087248420500
10087288499146	10087285620900	10087265222300
10087305396663	10087302696400	10087282288800
10087322621958	10087318948700	10087299434800
10087339616073	10087336516400	10087316362600
10087356474046	10087352651900	10087336210700
10087373798463	10087369767700	10087350945600
10087391095838	10087389070400	10087368856200
10087408645077	10087406736500	10087389046400
10087425656689	10087422904700	10087403949000
10087444047198	10087440759700	10087421721500
10087461894685	10087457239700	10087441060800
10087479653935	10087473019400	10087457985000
10087496731475	10087493585400	10087474737300
10087514561667	10087506622500	10087493561600
10087532806061	10087526793000	10087515699000
10087549678536	10087543881100	10087527373500
10087566821756	10087556452900	10087544402200
10087584099371	10087574251100	10087563294400
10087600963464	10087590543800	10087581721800
10087618251178	10087610680100	10087598577100
10087635268350	10087626657300	10087612112300
10087651445127	10087644473900	10087628056800
10087668030708	10087661000500	10087645223400
10087684662474	10087679030700	10087660964700
10087701412346	10087693991400	10087677987400
10087718046084	10087710488400	10087693766100
10087733975694	10087729643100	10087710312500
10087750515302	10087747135300	10087729484200
10087767185209	10087764330000	10087746982000
10087783475314	10087780298600	10087763060200
10087799365378	10087796936800	10087779986600
10087816615330	10087813079100	10087796817400
10087833578831	10087832728000	10087812882400
10087850806051	10087847484900	10087832586100
10087867455628	10087864162800	10087848087600
10087884483990	10087881380100	10087863872200
10087903168699	10087897660400	10087881860600
10087920293906	10087913695500	10087909672800
10087937047532	10087930340400	10087917205600
10087954203292	10087951260800	10087934341900
10087971295261	10087967214200	10087952158900
10087988227356	10087983688100	10087979255500
10088006278611	10088000406200	10087999292800
10088023021316	10088017285100	10088007202400
10088023021316	10088050997100	10088037106200
10088057853395	10088069937100	10088050680900
10088057853395	10088070676800	10088066700200
10088057853395	10088102742100	10088087692600
10088057853395	10088119841800	10088102702200
10088143245456	10088136518200	10088126061600
10088160150732	10088171372000	10088152914200
10088176845893	10088186072900	10088170002500
10088176845893	10088191731800	10088185765300
10088176845893	10088222482300	10088210777200
10088176845893	10088239610300	10088222338600
10088176845893	10088255529100	10088250123100
10088176845893	10088289195400	10088278209100
10088176845893	10088306292900	10088300859400
10088176845893	10088344778500	10088327294600
10088176845893	10088359207900	10088342213000
10088380263150	10088377840400	10088370535500
10088397628427	10088394527400	10088391182700
10088397628427	10088426809100	10088410779100
10088433396866	10088447981200	10088435768800
10088467100611	10088464828700	10088461688500
10088500608903	10088497044100	10088492477500
10088518247850	10088512366200	10088501756100
10088518247850	10088529221800	10088521998900
10088518247850	10088569150400	10088555556000
10088604022557	10088597894500	10088587601800
10088604022557	10088635060400	10088629293400
10088604022557	10088667130400	10088658555800
10088688797685	10088684179600	10088665977700
10088706277295	10088701389100	10088682982700
10088723184383	10088727892400	10088701194400
10088740482613	10088742810400	10088717490000
10088757514958	10088760294900	10088734888700
10088775301913	10088779401000	10088752165000
10088792537978	10088795146700	10088770172500
10088810370869	10088804901200	10088787526200
10088827309422	10088823007800	10088804871300
10088845268685	10088841272800	10088822964700
10088863401275	10088865513700	10088840527300
10088880742367	10088880155100	10088857404100
10088897092360	10088892410900	10088880121500
10088915060135	10088909257500	10088898367400
10088932379015	10088930152400	10088915325700
10088949573939	10088943214800	10088930114200
10088967337019	10088960802900	10088947210600
10088983525782	10088984922600	10088965932400
10089001004932	10088999508800	10088980164400
10089017528273	10089015716800	10088998448500

