# SurfaceFlinger --latency for 'SurfaceView[com.epidgames.trickcalrevive/com.google.firebase.MessagingUnityPlayerActivity](BLAST)#300' after --latency-clear and 4 s; sampled 2026-09-26T18:58:50.8932950+09:00 third window
# frames 127 over 2.35 s = 53.6 fps; frame time p50 17.0 ms, p90 27.4, p99 37.9, max 44.4

16678174
10113724053165	10113721756700	10113705521700
10113741623059	10113738633300	10113719033500
10113759390154	10113755430500	10113735998500
10113776251470	10113771864800	10113753933900
10113794090963	10113788702800	10113771656400
10113811406178	10113806093600	10113789977000
10113829165289	10113829545500	10113807614500
10113847300598	10113846360500	10113826251700
10113864436406	10113862245800	10113842672800
10113881775471	10113876785900	10113859406900
10113898915844	10113892706700	10113876698700
10113916195162	10113908972200	10113894977000
10113951315821	10113944966000	10113938552500
10113968561903	10113959308600	10113945632500
10113985709750	10113977603200	10113973724600
10114019498320	10114013060800	10114002919300
10114036285843	10114031615100	10114013382700
10114053356102	10114057179100	10114031888000
10114069336388	10114073180300	10114047510300
10114085213318	10114079962600	10114063303500
10114101665581	10114097261800	10114079890600
10114119582552	10114113168200	10114097093000
10114134714909	10114132342700	10114126775900
10114151560114	10114147766000	10114133064400
10114168345558	10114179557600	10114160436100
10114187283653	10114183896700	10114168533200
10114202043990	10114201638400	10114184801300
10114220126699	10114227482400	10114201616800
10114237587206	10114233310100	10114217300600
10114255788472	10114251373200	10114233202500
10114272797184	10114270742400	10114251284600
10114291059415	10114284094400	10114267948400
10114308355179	10114300843200	10114286354600
10114326660010	10114318240900	10114304747600
10114345006075	10114334233500	10114321281400
10114361742907	10114351564700	10114339762100
10114380020152	10114372378000	10114355640700
10114395910609	10114388590700	10114372347800
10114412590294	10114404319600	10114390530400
10114429982842	10114420094800	10114407205500
10114447402481	10114437404700	10114423890900
10114463595552	10114453476600	10114450384400
10114479670928	10114471215900	10114466751900
10114497045970	10114487493100	10114485191000
10114512742743	10114518430900	10114502026800
10114528841501	10114525727400	10114508785300
10114545052988	10114540077500	10114538411400
10114561129297	10114557078200	10114554783700
10114577511845	10114576647700	10114569654000
10114595435543	10114589845800	10114576318400
10114611300761	10114607611200	10114602545900
10114628092936	10114628211900	10114611295500
10114645299556	10114643256800	10114638714700
10114662475832	10114661320900	10114656783500
10114679476912	10114680738900	10114674016500
10114697454877	10114697297000	10114681233800
10114713688209	10114711450800	10114698149000
10114731537554	10114729535300	10114715682200
10114750063090	10114748651600	10114743554300
10114750063090	10114764883500	10114763239600
10114750063090	10114781340300	10114772386200
10114750063090	10114814292500	10114798849700
10114820806721	10114830848800	10114814068000
10114856889102	10114864662000	10114849826200
10114856889102	10114880961800	10114868914900
10114909284562	10114898192100	10114889950700
10114909284562	10114932070800	10114924351200
10114909284562	10114950347500	10114932043000
10114909284562	10114978129000	10114966338700
10114909284562	10115001949800	10114992336400
10114909284562	10115017946100	10115014291800
10114909284562	10115050740400	10115045738300
10115091258588	10115095121800	10115080887200
10115091258588	10115118153700	10115104183000
10115091258588	10115156102200	10115143823700
10115171795748	10115172004900	10115157587500
10115171795748	10115195347800	10115188950800
10115171795748	10115222701500	10115205407400
10115171795748	10115240300200	10115220916300
10115253216674	10115259466800	10115238550700
10115269622466	10115274145600	10115254738600
10115286742360	10115290691800	10115270759100
10115304175315	10115299351400	10115288257500
10115321455219	10115326659400	10115309940900
10115339351502	10115343992700	10115317278600
10115357276109	10115361749400	10115333648700
10115373885434	10115377631000	10115349808400
10115389985534	10115392382700	10115368226800
10115407798254	10115411173400	10115390893400
10115424336691	10115420382600	10115403472700
10115443218099	10115448770000	10115420345400
10115460108947	10115463470200	10115438295900
10115477594424	10115481081300	10115455065700
10115494795746	10115499843900	10115473251200
10115513146824	10115515394100	10115492400400
10115531585546	10115531243800	10115515362000
10115551141004	10115551852600	10115531220900
10115569062070	10115565122600	10115551407900
10115586715563	10115583184900	10115565098900
10115605178858	10115601598300	10115583154800
10115623532373	10115618898500	10115602086200
10115641907266	10115637361000	10115618865400
10115659190979	10115655061100	10115637326000
10115677591571	10115678272600	10115655020600
10115695316163	10115689389300	10115670725000
10115711038818	10115706093700	10115689366300
10115729758281	10115722374200	10115706066800
10115746336912	10115738955700	10115722354900
10115762765137	10115755689500	10115738931300
10115779268476	10115771861500	10115755663800
10115795955868	10115795141300	10115771836700
10115812281301	10115804150000	10115787409000
10115827636628	10115820192800	10115804114400
10115844335430	10115839803800	10115820163200
10115860468891	10115854780500	10115837025100
10115877144579	10115871397400	10115852198500
10115892403731	10115887336000	10115868518900
10115908608531	10115907528900	10115884747800
10115924962292	10115923563900	10115906962600
10115941768981	10115940359300	10115922990800
10115958591652	10115956872000	10115939839500
10115976023808	10115973609400	10115956283900
10115993968054	10115992783300	10115972522700
10116011224950	10116008345800	10115989873000
10116028567547	10116035246500	10116009196700
10116045716164	10116051280500	10116029529700
10116064203179	10116072241700	10116044441900

