# SurfaceFlinger --latency for 'SurfaceView[com.epidgames.trickcalrevive/com.google.firebase.MessagingUnityPlayerActivity](BLAST)#123' after --latency-clear and 10 s; sampled 2026-09-26T18:23:27.4786363+09:00 battle 1-4 wave 1, virgl edid=off 60 Hz, 8 GiB
# frames 126 over 2.14 s = 58.3 fps; frame time p50 17.1 ms, p90 20.9, p99 26.7, max 27.8

16678174
7990503032412	7990496296200	7990494708300
7990519635176	7990515062700	7990510613000
7990536831148	7990530381800	7990527856800
7990553392625	7990549469000	7990544517400
7990570488727	7990566189700	7990559836000
7990586872629	7990591292900	7990577021500
7990604124930	7990612743800	7990591240700
7990621003431	7990629316000	7990602449200
7990637574872	7990644953200	7990629283400
7990653467365	7990659664200	7990644909600
7990670650539	7990677297000	7990659613700
7990688085598	7990693628700	7990677253700
7990705829965	7990710809600	7990693588500
7990723582579	7990715415200	7990701873300
7990741459290	7990733823300	7990727378700
7990758171979	7990761635800	7990744733900
7990775169091	7990777186200	7990754951500
7990792449459	7990792533200	7990771328600
7990809627015	7990807460400	7990787588100
7990826715759	7990821445900	7990805453200
7990844700434	7990843232200	7990821425600
7990861648734	7990859010600	7990840514000
7990879844034	7990876644100	7990857548700
7990897184714	7990891553300	7990875260000
7990914469899	7990909127900	7990892238600
7990931873126	7990926135000	7990909799500
7990949341288	7990943055600	7990927410000
7990966444497	7990963652100	7990943464300
7990983314005	7990981500700	7990962847400
7991000637471	7990997201400	7990979103500
7991018143983	7991012655700	7990995716800
7991035214054	7991029470800	7991012560800
7991052599870	7991047166700	7991029858900
7991069857423	7991064651900	7991047475000
7991087571505	7991086678500	7991065141200
7991104752931	7991103018500	7991086648100
7991122493412	7991116269900	7991099863000
7991138779217	7991136119700	7991116666500
7991156408280	7991150283500	7991136096500
7991173238031	7991167601700	7991150681500
7991190591172	7991185989200	7991168132500
7991207948125	7991205434400	7991185407800
7991225241167	7991219313700	7991203725000
7991241684980	7991235529900	7991220421900
7991259580451	7991253300300	7991235512800
7991275721728	7991268980400	7991252615300
7991292526910	7991285945000	7991268946100
7991308978655	7991303070700	7991285923300
7991326196291	7991324780400	7991303042800
7991343272359	7991340737100	7991322689800
7991359645195	7991357156500	7991339483900
7991377087643	7991374552500	7991356435500
7991393981981	7991392452200	7991372967500
7991411462732	7991408485000	7991389463400
7991428472492	7991425074900	7991405831000
7991445554161	7991445179000	7991422652600
7991462403136	7991461579700	7991444587300
7991479839356	7991482495500	7991458368200
7991497517151	7991496832400	7991482366100
7991515423648	7991511080900	7991495997600
7991533560126	7991528588300	7991511645000
7991550634887	7991546199600	7991529041200
7991568497037	7991566557400	7991546734900
7991585960057	7991581553600	7991563874900
7991602731892	7991598433600	7991581392100
7991620570961	7991615640200	7991598412700
7991637819736	7991632305700	7991616281600
7991655094815	7991647793000	7991632940600
7991672356699	7991666907000	7991648149400
7991688195267	7991685623100	7991666885200
7991704977380	7991700859400	7991682500000
7991721817371	7991718810100	7991700267400
7991739564624	7991735920400	7991716868100
7991756267186	7991753264800	7991733607300
7991773447876	7991769367900	7991750746300
7991789846928	7991784168500	7991767353200
7991806826509	7991805994300	7991784077100
7991824021814	7991824544000	7991805328800
7991841016319	7991837033900	7991819447300
7991858344802	7991856199800	7991836229500
7991876024528	7991874761900	7991853746800
7991893002710	7991893413900	7991870950000
7991910247735	7991905528300	7991893380100
7991927595175	7991932240700	7991905886300
7991945903207	7991943610900	7991928870000
7991962622272	7991958059600	7991940043000
7991979491605	7991976269100	7991956357700
7991995270631	7991994224900	7991973414500
7992012894392	7992007283700	7991990228300
7992030029920	7992024742000	7992007258800
7992047280743	7992043936200	7992024716200
7992064261982	7992060705800	7992043266600
7992080816792	7992078630900	7992059920700
7992098068501	7992095428200	7992075162400
7992114783048	7992113464300	7992093617500
7992132291605	7992129370700	7992110370000
7992150019971	7992144244200	7992129351400
7992167656044	7992169426000	7992144598900
7992184557662	7992183173800	7992167109600
7992202847297	7992200356700	7992179755300
7992219031344	7992214729200	7992197433800
7992236612543	7992232593600	7992215089600
7992254533681	7992248566100	7992233058500
7992271861712	7992265397700	7992249413000
7992288812896	7992286453600	7992265790100
7992305622584	7992304269300	7992284429200
7992323344674	7992317698200	7992300856700
7992340291007	7992334288800	7992319944100
7992357645972	7992351791200	7992337256300
7992374565565	7992368047400	7992352257500
7992392001839	7992385397900	7992368003800
7992408400358	7992404420100	7992385812600
7992425832053	7992421790300	7992403637500
7992442083570	7992438118700	7992419169900
7992458809483	7992455337900	7992438098500
7992476049153	7992473158000	7992455314400
7992492911730	7992489164800	7992473133200
7992510251951	7992504434500	7992489143200
7992526851627	7992525870500	7992503698700
7992543264549	7992540444800	7992525378200
7992560749386	7992558104000	7992539748500
7992577003156	7992575215900	7992556194900
7992595517172	7992594364200	7992575195300
7992612375804	7992616293500	7992594331100
7992629926711	7992633663400	7992616259500
7992646833635	7992638711700	7992633614400
7992664411875	9223372036854775807	7992654792300

