16678174
251735878286	251730092300	251714264600
251753289495	251747937300	251730487900
251769736823	251767687800	251748581400
251787494806	251780880100	251766074500
251804498192	251797948600	251781277500
251820633440	251814655200	251798850600
251838052739	251831342100	251814496000
251854299838	251848108700	251832302000
251871593978	251864060600	251848570200
251887983729	251888206100	251864028300
251904196430	251902761800	251885484300
251921276691	251918118200	251900471400
251937449060	251934213400	251916502100
251955498795	251951751600	251932614600
251972001843	251967717200	251949624400
251988496862	251984157200	251967641000
252005492776	252004830500	251982591300
252021858088	252019974400	252004480600
252037151737	252038196800	252018446500
252054082857	252054696500	252036363100
252071446273	252069031900	252053004000
252088244805	252086971800	252068674200
252106096931	252104088600	252086186200
252123960232	252124814500	252102875300
252140828332	252139994000	252119098800
252159418353	252158292800	252139440800
252176858229	252174872900	252156259900
252195557111	252193064800	252174840000
252212552455	252208023100	252193022800
252230126151	252225114600	252208494200
252248268468	252247844500	252225567500
252265287962	252259907200	252243980200
252282572636	252277774300	252259871100
252298761716	252292440200	252277740600
252316288220	252310086900	252292408600
252332491343	252327349800	252310038800
252349490741	252343842000	252327870500
252366942840	252365539400	252344332300
252384220759	252379461500	252364202700
252399928954	252396822100	252378007600
252417232290	252412387000	252394814900
252433929879	252429765300	252412349600
252451248631	252446386500	252429720500
252468180111	252463008100	252446354200
252484795476	252482401400	252462916100
252501569528	252497649100	252482053800
252518502529	252515239600	252497163900
252535359071	252531830100	252514509500
252552235363	252550180400	252530486400
252569753178	252564569300	252547294100
252586029849	252582031300	252563668900
252602508286	252602465300	252581435900
252618894476	252620297300	252600536200
252636118788	252636784600	252617298400
252654157257	252652160500	252634447700
252670448013	252669679500	252650387500
252688273217	252685856300	252667793600
252706261801	252702475300	252684205700
252723274008	252722468900	252701641700
252740868893	252738991300	252721961300
252759431462	252756568700	252737395300
252776843476	252774166100	252756546800
252795247508	252789013900	252774144400
252812640933	252806656800	252788993500
252829408874	252824290100	252807130400
252846620966	252842250500	252824791500
252864314620	252860588700	252841976200
252881332923	252875572300	252860106400
252898635805	252894045200	252878258200
252915695531	252908775900	252894018700
252932291852	252926243500	252909581500
252949135309	252942776400	252926724400
252966563314	252963201300	252943283300
252982996178	252977549700	252962399200
252999982469	252996566300	252977525800
253016649003	253012610000	252994348800
253033601509	253030099000	253012425400
253050428414	253047728200	253029624900
253066947738	253063641700	253045030400
253084181058	253085371600	253063608500
253101112453	253099069000	253084262400
253117593690	253114843900	253097255100
253133663039	253131166100	253114112300
253150938938	253148085600	253130410100
253168240437	253165332700	253147110600
253185200137	253181483400	253163299600
253202284376	253201592100	253179885300
253219318328	253216808700	253201132900
253236966050	253233821400	253215591400
253254274187	253252019200	253232401200
253271739336	253266881000	253251996200
253289365276	253283783000	253267289500
253307165448	253301681700	253283761300
253324196265	253320444600	253302119600
253342004639	253338462200	253319682000
253358344698	253355171200	253336526400
253375702146	253369917000	253355047600
253393543024	253387873400	253370297700
253410343546	253404914500	253388342800
253428036484	253422612900	253405358700
253445122634	253441598700	253422573100
253461671674	253458908900	253441013700
253478694126	253475143500	253458860200
253495579608	253490799600	253475092200
253512836573	253509216100	253490770800
253529374006	253524126700	253509171300
253546461212	253540128800	253524100500
253562922336	253562900400	253542404600
253580436596	253577817900	253559575200
253597237044	253593781900	253575598900
253614243182	253609438400	253591987800
253630969113	253632653700	253609421400
253647924297	253649302100	253626464700
253665820185	253660116800	253649270100
253682551815	253676293500	253660095800
253698753639	253695696200	253678428800
253716508158	253714140500	253694669800
253732840013	253729874500	253711707700
253749223538	253746413300	253729103000
253766142097	253762527700	253744679800
253784020345	253780560400	253761052900
253800228903	253800767700	253779945400
253817166769	253818437600	253798813300
253834224102	253833266000	253814136500
253852025829	253850082300	253831555400
253869058430	253867622500	253847943900
253886708491	9223372036854775807	253865553500

