16678174
1219480923013	1219478797400	1219458977700
1219498490017	1219495837700	1219476594700
1219516053981	1219511017300	1219495806500
1219533461452	1219528177300	1219514059100
1219551295568	1219548259400	1219528558200
1219568312542	1219564616800	1219546391900
1219585198460	1219581079800	1219564595300
1219602948735	1219596917500	1219580936600
1219621281935	1219612902700	1219596935000
1219637149675	1219629490100	1219613852400
1219670852041	1219662658700	1219657547600
1219688064980	1219679059600	1219671994500
1219705574391	1219696640400	1219681236000
1219721615199	1219713675600	1219698819300
1219739076527	1219729536700	1219714643700
1219755105088	1219746551500	1219731934400
1219772206078	1219766172100	1219747743900
1219788062749	1219783076800	1219765683400
1219805047606	1219802353400	1219782861900
1219821535952	1219819160100	1219798231500
1219838244109	1219835500800	1219814785500
1219855128514	1219849641900	1219832431200
1219888284197	1219883465400	1219865261500
1219905273085	1219899414500	1219894337300
1219922051215	1219916191400	1219899256400
1219939047939	1219933244400	1219915243400
1219955553398	1219959825800	1219932250500
1219972756846	1219966437600	1219949090500
1219989364643	1219979787800	1219966417200
1220006883502	1220003115400	1219994348400
1220023221728	1220019878800	1219999377600
1220039741050	1220036785900	1220016492000
1220055922247	1220052836700	1220032550500
1220072476744	1220070061700	1220052514000
1220106260617	1220102744200	1220084156900
1220123735881	1220119523500	1220113389600
1220141290071	1220136177300	1220119306300
1220158215704	1220153374500	1220135189100
1220175474830	1220170156700	1220153229700
1220192458351	1220186988900	1220170036100
1220209734788	1220207106600	1220186825000
1220226513178	1220224033200	1220206470800
1220244222909	1220241894200	1220224011200
1220261069194	1220258093600	1220241682100
1220277920542	1220274107300	1220257120400
1220296373521	1220292065300	1220272878100
1220313100684	1220311419800	1220292041900
1220332400774	1220324358700	1220311277300
1220349106606	1220341284000	1220329563900
1220366039332	1220357887700	1220344593000
1220384303013	1220374434200	1220360413200
1220400416817	1220390527100	1220378613900
1220434702091	1220424740200	1220411637700
1220451527020	1220440603800	1220428759900
1220468439163	1220457423900	1220445130500
1220485272878	1220474030800	1220461408900
1220501726889	1220490434800	1220477708100
1220534384610	1220525660200	1220520664400
1220534384610	1220558290300	1220546965800
1220534384610	1220573765700	1220558136100
1220534384610	1220597435900	1220587732300
1220534384610	1220631371900	1220613164900
1220534384610	1220635115300	1220624059500
1220534384610	1220656095000	1220644165900
1220534384610	1220660728000	1220650609400
1220679228281	1220678070500	1220671837200
1220695525632	1220693927500	1220677396600
1220710859473	1220710550100	1220693776800
1220726682445	1220727050900	1220710357200
1220745647243	1220744237500	1220726703500
1220760332461	1220747845000	1220743965400
1220777388896	1220780822300	1220765023900
1220811723090	1220800560700	1220788377700
1220828154399	1220819683900	1220804058600
1220844389626	1220837662700	1220819652100
1220859718248	1220851066000	1220837662300
1220875902346	1220871215200	1220851621900
1220891234883	1220887202600	1220862198300
1220902533074	1220900705800	1220880656700
1220920995246	1220919173300	1220896936300
1220937154644	1220934268100	1220913271600
1220953384182	1220950387000	1220929114400
1220969281533	1220967893700	1220945172800
1220996265157	1221001685300	1220974691800
1220996265157	1221017774100	1221007370900
1221032914305	1221033665500	1221017643700
1221050533351	1221050503500	1221033534100
1221070703208	1221067936900	1221050385100
1221104127766	1221101573900	1221090526100
1221104127766	1221134903700	1221124074800
1221104127766	1221150560300	1221134657300
1221165663503	1221167645100	1221150423700
1221202282915	1221201692700	1221190262900
1221202282915	1221234381700	1221224570100
1221202282915	1221259695900	1221234215800
1221202282915	1221276637800	1221251220900
1221202282915	1221285673900	1221267947600
1221202282915	1221288043300	1221285511100
1221202282915	1221322190600	1221308349100
1221344346783	1221340581400	1221335430200
1221361735494	1221355932600	1221349985400
1221380223302	1221373847500	1221355679500
1221394848329	1221398492400	1221373596300
1221405116910	1221415276100	1221388764900
1221421621675	1221419921200	1221405456700
1221437387547	1221444247900	1221428411100
1221437387547	1221459166600	1221443635100
1221479123594	1221478328500	1221471724400
1221496236742	1221501550100	1221485820300
1221496236742	1221517925600	1221501483900
1221531066383	1221534351400	1221517865400
1221547408234	1221539687600	1221534289200
1221562568074	1221557294700	1221547596100
1221580404126	1221578048800	1221557257900
1221597468568	1221595783600	1221573342700
1221613625681	1221611327200	1221591253000
1221631479852	1221628519800	1221605000300
1221645287029	1221648750800	1221628245700
1221662191130	1221662079600	1221647702800
1221679096691	1221678157100	1221661537200
1221694861420	1221697339000	1221677538200
1221721539637	1221713918700	1221707299900
1221737997337	1221731499000	1221723687100
1221754642256	1221749839700	1221731465900
1221771291892	1221772300500	1221749344800
1221789372081	1221783459400	1221767028600
1221806190052	1221800017400	1221783422400

