16678174
733045341763	733044280800	733028106300
733063094758	733060557800	733041896500
733079346213	733080465600	733058353000
733097110598	733096709200	733075588000
733113532725	733110450300	733096284900
733131762127	733126500900	733108328100
733147652649	733147621200	733125143600
733164462946	733163023900	733145819700
733181599364	733178796500	733162192800
733199878838	733197376500	733178743000
733217238937	733213073100	733197238800
733235204717	733229697900	733213501600
733252722380	733246729800	733230861800
733269805711	733266286900	733248183000
733286653336	733284534600	733265222200
733304039316	733298357700	733283789500
733321297680	733316268800	733298902600
733338690391	733332363200	733316239400
733354559980	733348424500	733332728400
733372680651	733364731600	733350354400
733388868667	733384417200	733365051700
733405229121	733401039300	733383692200
733421520524	733417248500	733400994800
733438704926	733434325000	733416283100
733455077208	733450170300	733433183600
733471880513	733467434900	733449284000
733488768878	733482857300	733467400800
733505542109	733504450200	733482818800
733523117594	733521910800	733503314400
733539957382	733537041600	733518844700
733556082873	733556383600	733537007500
733573521825	733573251700	733551974600
733591532127	733588970600	733568377100
733608221289	733602621100	733584820000
733624480778	733626941500	733602575300
733642296190	733639426300	733625073700
733658847919	733656029500	733638852000
733675194802	733673127000	733654776900
733693159108	733691499700	733672013500
733710724314	733707390700	733689722800
733729001758	733724872900	733707359300
733744919253	733746330600	733723904100
733763324730	733760840800	733745159100
733780935671	733777798000	733760379600
733797672824	733796573100	733776472200
733816185906	733811341100	733794283100
733833115232	733828065400	733811889800
733851636632	733845360700	733830849900
733868313433	733866965200	733845790700
733885841993	733879333200	733864217600
733902613882	733898555700	733879315400
733919627752	733913763300	733898527600
733937211649	733931693000	733913742300
733954148906	733948334000	733932012300
733972060272	733964816800	733948793900
733988786884	733984498400	733965195300
734005249875	733999361900	733983961200
734022021547	734016796000	733999107100
734039318724	734033175600	734016757200
734056033926	734049867500	734033121500
734073264368	734067310300	734050294700
734089983562	734083110100	734067288300
734106267336	734105007600	734082992200
734123006216	734119465500	734103177400
734139869680	734137607300	734118816600
734156689771	734154169900	734136904300
734173136764	734171463700	734153738800
734190820478	734187403900	734170697800
734207634069	734205328600	734186105100
734224917462	734225291600	734203290400
734242882437	734240576300	734224871200
734259888297	734256822800	734239982200
734277794284	734274843500	734256036000
734295033054	734292381900	734274780000
734313214171	734308909800	734292349800
734330614463	734325477700	734309531800
734348818138	734345191500	734325877900
734365832157	734360362200	734344484900
734383256193	734377858300	734360333100
734400324961	734394397900	734377912600
734417866036	734411535900	734394803200
734434716116	734428724700	734412031000
734451883800	734445043000	734429157000
734469094487	734466150700	734445423900
734485389576	734483127700	734463651000
734503135948	734495836500	734483084400
734518948505	734514130500	734495817800
734536252811	734531439600	734514107900
734553105036	734546371700	734531415900
734569907956	734563534400	734546352400
734586701372	734583458900	734563883000
734603729504	734600253300	734582894600
734620069451	734615191900	734599434900
734636414407	734633525400	734614563700
734653855393	734649164900	734631538900
734670686181	734666262700	734648771100
734687496432	734683580400	734664736600
734704398873	734704483400	734681957400
734721606685	734718428900	734702403500
734738050975	734735951800	734717718800
734756638787	734755054300	734734420900
734773433617	734769722500	734754530500
734791487860	734787499100	734769684500
734808566875	734803223300	734787435100
734825737847	734825245300	734803176400
734843231045	734840866200	734823115400
734860149943	734857331100	734838035800
734877187181	734873532200	734857298300
734895278072	734889661700	734873485300
734912154565	734906853200	734889630800
734929999599	734923882900	734907252900
734946819726	734943815300	734924250200
734964177008	734960693700	734942838600
734981219653	734977517100	734959293200
734997799670	734992487900	734977489500
735014952663	735009408300	734992868400
735032378977	735026406800	735010123800
735049276129	735043597900	735026827400
735065994810	735064569700	735043993600
735083267815	735079076900	735062311700
735099058899	735095182600	735079033500
735116840826	735112238500	735095038900
735133095388	735128787900	735110433000
735149542537	735145606700	735128755000
735167289217	735161172700	735144135900
735183645220	735182811200	735161131100
735201106663	735198509400	735182190000

