16678174
756251996523	756250741900	756229374900
756269194966	756265285800	756248574500
756286187520	756281437100	756265261000
756302890003	756299278400	756282333000
756321203729	756314893400	756299257400
756337836130	756332518700	756315286900
756355211631	756349290200	756334283100
756372949532	756370437800	756349680100
756389673893	756383587300	756369849700
756406609721	756400348500	756383964300
756423971164	756417527200	756399590700
756439763518	756433753300	756417545500
756457404601	756450749300	756434192500
756474166028	756468248100	756451674000
756490985050	756486609000	756468275100
756507772387	756502669000	756486339200
756524121556	756519613500	756501441400
756540323312	756534978000	756519589200
756557346357	756553472200	756534956000
756574303272	756570765800	756552073000
756591382385	756587979400	756568976900
756608227275	756606369500	756587466700
756624976667	756623436700	756606148300
756641448160	756639184400	756622644600
756658949475	756655575800	756637769000
756677592687	756673110900	756654631700
756694089517	756690177400	756672339300
756710927981	756705348100	756690118700
756728763151	756726568000	756705310000
756745629168	756744936100	756726246300
756763476622	756760478600	756741445400
756780441584	756775636200	756758091000
756797616894	756791979100	756775570200
756814771783	756810089400	756792485800
756832167393	756827333600	756811012500
756850418621	756849197500	756828250700
756867723364	756864823300	756846080100
756884003078	756884356600	756862234700
756901196490	756896483500	756884301000
756918823879	756912970200	756896450900
756935710410	756930140200	756913369300
756953345455	756948454800	756930977200
756970022971	756968886900	756948922000
756988203784	756982456300	756965633100
757004062634	756999859200	756982423500
757019977394	757015559500	756998123600
757037540262	757031804700	757015541600
757054376757	757050431600	757031782900
757071979193	757066563200	757049829500
757088307461	757088544800	757066529000
757105332416	757103249100	757086520900
757122638900	757118483300	757101363700
757138954627	757135738700	757117393900
757156540608	757152902600	757133983100
757173362514	757169213900	757152411300
757190976378	757186556100	757169186700
757208148709	757205281000	757186454700
757225047954	757220820700	757204978300
757242424191	757238277000	757220312400
757258994619	757256223300	757236863100
757276290443	757276839000	757256201000
757293729941	757292700600	757276814900
757310882220	757308481500	757292658200
757327928283	757332490200	757308414700
757344832273	757344769400	757329304400
757363162726	757360225800	757341064900
757380060527	757375237500	757357658200
757397895929	757392497000	757375645500
757415601130	757408869200	757392855400
757432879891	757426127900	757409285300
757449282100	757449510800	757426519100
757466413847	757461142800	757449046600
757484244285	757478113700	757461078600
757500945555	757494426900	757478036900
757517867451	757511496900	757494380700
757534599667	757528307800	757512047300
757551712601	757545516700	757528729400
757568611348	757568514100	757545875700
757585932665	757581763400	757564533500
757601801099	757600676000	757581710900
757619216326	757617730600	757596583500
757636139808	757636587800	757613763500
757653398774	757648339500	757630915900
757669657406	757663878600	757648316000
757686874832	757684162600	757663858200
757704212032	757703717200	757683423800
757720528673	757719730100	757699993100
757737308225	757733683900	757717572000
757754219347	757751858700	757733208900
757772099665	757767885100	757750490300
757788830839	757785442600	757767293100
757806041878	757805838900	757784705200
757823811349	757821486300	757803963300
757840658927	757838919500	757821121500
757858420708	757855739000	757837164500
757876796154	757872331200	757854316200
757893607630	757889335000	757872328200
757912126511	757906189900	757889356700
757929332456	757929277300	757906570000
757946612111	757941402900	757925195500
757964320436	757958760000	757941386700
757981439796	757976108100	757959107000
757999191084	757992911300	757976528300
758016385354	758010137500	757993275500
758033253830	758028043400	758010516900
758050468331	758048644300	758028958600
758068173552	758061581300	758048588400
758084323089	758078828000	758064704700
758101322938	758095548100	758079256500
758119020957	758113016100	758095941600
758135885493	758128770900	758117143900
758153277081	758145373400	758129770700
758169003252	758168635500	758147191600
758185806069	758185015200	758164814600
758202491582	758201295700	758180906100
758220315732	758214543800	758201255500
758236444253	758232412300	758213868100
758253284189	758248847900	758230503000
758269889699	758265328600	758248423800
758287264526	758286407000	758264417200
758303902948	758301307200	758284875500
758321071785	758317536500	758300849000
758338189615	758334895700	758317283800
758355806539	758352389300	758333562600
758373002758	758368461500	758352206800
758390586594	758386867700	758368428000
758407353762	758408375000	758386778000

