16678174
1242850938643	1242850896200	1242834100900
1242867930342	1242867928000	1242850847100
1242885262180	1242887150400	1242867896600
1242902644051	1242904441700	1242887111300
1242920361548	1242922089700	1242904215900
1242937238366	1242937031400	1242921373500
1242955992999	1242953839000	1242936875600
1242974448767	1242970268200	1242953659400
1243010944803	1243004505900	1242999299200
1243028747450	1243021148700	1243016422500
1243047739827	1243038148400	1243024523600
1243064184248	1243055380600	1243044736700
1243082881206	1243077417500	1243060549000
1243100058371	1243087485100	1243077880000
1243117456764	1243113221000	1243100607300
1243134204758	1243123591800	1243113067000
1243150473734	1243140335000	1243126937600
1243167241694	1243156752200	1243148412100
1243184541722	1243173640200	1243164254800
1243200826525	1243190454000	1243180942200
1243233718904	1243223738600	1243209161100
1243249543851	1243244299800	1243236513100
1243267259527	1243261231800	1243244271100
1243282277709	1243274061600	1243261179500
1243298140414	1243292140600	1243274032900
1243314345658	1243320210900	1243292106900
1243330429074	1243328143600	1243307042200
1243346887026	1243344259300	1243324712500
1243363343808	1243364351000	1243344220200
1243380095453	1243378445300	1243364306300
1243396331030	1243396345600	1243377865200
1243412617071	1243412729100	1243396126500
1243429978963	1243432810500	1243410422600
1243447767798	1243449794800	1243432209600
1243464548145	1243465749500	1243449265700
1243482328583	1243481678100	1243465180000
1243499576194	1243498574500	1243481266900
1243517398942	1243516649600	1243498017300
1243534443520	1243534705000	1243515581300
1243552391303	1243549099000	1243533976900
1243570974410	1243572551900	1243548390000
1243588296415	1243584807000	1243571177700
1243606891179	1243603248800	1243584660400
1243623318690	1243620939200	1243602798300
1243643097419	1243637180500	1243620909900
1243661165482	1243656030200	1243637152800
1243677422393	1243672466700	1243656502300
1243696429981	1243692788000	1243673072600
1243712785752	1243705698200	1243692386900
1243729185529	1243722501900	1243705672000
1243745968510	1243739040800	1243722860400
1243762846695	1243756289200	1243742102700
1243779289483	1243772278100	1243756130400
1243796234593	1243788859500	1243772257900
1243812301582	1243808908700	1243788834800
1243829129712	1243823964500	1243805188200
1243845424697	1243841765300	1243820900000
1243861187304	1243858611700	1243838674100
1243878969211	1243876050600	1243855163700
1243895287695	1243892166400	1243872409100
1243912485343	1243908574300	1243889221300
1243929443562	1243928734600	1243905412500
1243945724796	1243942825000	1243922233600
1243962486404	1243960873000	1243939974600
1243980376550	1243978493100	1243960303500
1243997252967	1243997130100	1243974747800
1244015037181	1244011367700	1243991995700
1244031948672	1244029827900	1244008601900
1244048839544	1244047889500	1244025883200
1244065634203	1244063995500	1244047400000
1244082972709	1244082538200	1244061024400
1244101327314	1244099825800	1244079284100
1244119261898	1244115244100	1244096413500
1244136016226	1244135279100	1244115076100
1244154515328	1244152360100	1244135220800
1244171754369	1244174304200	1244152309200
1244189512642	1244187032900	1244171535600
1244206394581	1244202189200	1244186963400
1244223419452	1244220578700	1244202141000
1244242479248	1244235453400	1244220501500
1244258293586	1244252959600	1244235812200
1244275436155	1244269334800	1244253839600
1244293338851	1244289334100	1244269741400
1244309629748	1244303529000	1244288221500
1244327031406	1244320178700	1244303470600
1244343766691	1244337768200	1244320139900
1244360489900	1244354113500	1244337737100
1244378103427	1244370965200	1244353712000
1244394129289	1244387785900	1244372644600
1244411287158	1244408860100	1244387707700
1244427989293	1244424221500	1244408138000
1244445049862	1244440833200	1244424129200
1244461149816	1244461350800	1244440806900
1244478619640	1244481083700	1244461307600
1244495349599	1244492254700	1244476537200
1244513079366	1244510798700	1244492218600
1244529427820	1244533024300	1244506880500
1244545972703	1244545879300	1244528895900
1244564037070	1244561135400	1244543076900
1244581908863	1244579681400	1244559303100
1244598099317	1244596087400	1244577283000
1244616443401	1244611201800	1244593589600
1244633033507	1244627669100	1244611581400
1244651016513	1244648075100	1244627594700
1244667822457	1244667758200	1244647289400
1244684969133	1244680510100	1244667142900
1244702487053	1244697768600	1244680009700
1244720352870	1244714667600	1244697430100
1244737734483	1244731725600	1244714223800
1244754671633	1244748704900	1244732113700
1244772182794	1244769099100	1244748996900
1244788985802	1244783114700	1244767961600
1244805843568	1244800208900	1244783692200
1244823472662	1244817092400	1244800184100
1244840296756	1244834944500	1244817067800
1244857177892	1244850575000	1244835403600
1244875242781	1244868108700	1244851306600
1244890992592	1244887086000	1244868644500
1244908308020	1244905011100	1244886225700
1244924056683	1244920844500	1244902108400
1244941407394	1244938768200	1244918530900
1244958121602	1244951896300	1244938725500
1244975266048	1244971792200	1244951845300
1244991715246	1244989272700	1244971711100
1245008772384	1245009277500	1244985965400
1245025280434	1245023645800	1245008515600
1245041487314	1245041189600	1245022993100

