16678174
274935864250	274934562900	274914263500
274952858587	274949582100	274931453900
274970052557	274966367700	274949546500
274987797753	274983199800	274964347600
275003943509	275000217000	274983126900
275021303594	275021254400	275000176900
275038747042	275035598100	275019128200
275055917281	275052876200	275033863800
275072238432	275070295100	275050866900
275090011912	275087013800	275070261600
275107395877	275103510200	275086984400
275125407349	275119640200	275103481800
275142181206	275139815500	275120051700
275159936652	275155313500	275139052700
275176263288	275171773700	275153835700
275192635238	275189090000	275170471100
275210001837	275206793900	275189065800
275227489277	275222634800	275206767400
275244430448	275239504900	275222613200
275261134246	275259874700	275239054100
275277768023	275274212900	275255320100
275295513826	275293661700	275273189300
275311405848	275308662700	275290287700
275328925405	275326567600	275307303400
275345945291	275342671300	275326547900
275364095460	275359371600	275342619900
275380048335	275380370800	275362328400
275397615915	275393949000	275378675800
275415270179	275413729800	275393907400
275432213170	275431428000	275411188700
275449161383	275446522400	275427891900
275466495413	275464246900	275446536500
275484272278	275478395100	275461921400
275500713369	275502592200	275478797300
275518352042	275514998500	275500171900
275535555661	275530879300	275513538700
275552324596	275548957700	275530462300
275569483924	275564137400	275548927400
275587453926	275581556700	275564109800
275604228248	275599800100	275582215300
275621334025	275621299200	275600291200
275639104987	275636782800	275617362100
275655394877	275649393600	275632366400
275671992308	275666659800	275649028600
275689189774	275683778000	275668238900
275706881766	275701043200	275684723000
275723803000	275717167700	275705156800
275740601687	275737726200	275716470200
275756648276	275753772300	275737235400
275774829828	275770773800	275752974200
275791143069	275787059000	275769951200
275807382663	275808577100	275786256500
275824880897	275820938700	275803225000
275842723025	275839316000	275820392800
275859544647	275857435300	275838835200
275877117504	275874994100	275856886000
275894085550	275891875400	275873163300
275911455787	275908277200	275889116100
275928301537	275925240200	275907813400
275945986857	275941077600	275925205500
275963587452	275959007700	275941038300
275980635569	275977725300	275959497500
275998584882	275994887900	275977014000
276015042133	276010758500	275994745200
276033091433	276028061300	276011866800
276050898113	276043682100	276028541900
276067802818	276061479800	276044618800
276083955721	276077864100	276061923500
276101289684	276100767300	276078323600
276117635574	276113517400	276097733100
276134975586	276131202000	276113348800
276152458676	276147608800	276128974000
276168220788	276165713700	276146857400
276185370197	276181824600	276164305900
276202531105	276197841700	276180288900
276219555911	276219441300	276196169600
276235519636	276236630400	276218826500
276254145836	276250546100	276232612600
276271042335	276269123400	276249487900
276288347235	276283235000	276265949000
276305284995	276300357900	276283169600
276323491143	276318124700	276300806000
276340664382	276336550100	276318834000
276358369912	276354316900	276336104900
276375166917	276371043100	276354242600
276392845421	276387888300	276370991600
276409417743	276403714300	276387825100
276426899642	276420966400	276404219300
276443954280	276437690600	276421311400
276461223331	276456971100	276438071100
276478020832	276474507500	276456539900
276494778333	276488886400	276472496800
276512008813	276508141800	276488848700
276528710998	276523756700	276506116200
276544895865	276540586100	276523736700
276562411079	276559206000	276540562600
276579323290	276577490500	276559180600
276595728219	276593188000	276576655700
276614440102	276610923500	276592572100
276630176049	276626889300	276610280700
276647561846	276643767400	276625693000
276664372424	276661851100	276642237100
276681772126	276678767900	276660258800
276699567648	276698078300	276678743100
276717212025	276713195100	276697478100
276734250047	276731641500	276712547400
276750923325	276748331200	276731622100
276769218627	276763533800	276748308300
276786947289	276781398900	276763503300
276803199398	276800189900	276782475300
276821765125	276818376200	276799113100
276837656507	276837355100	276817800700
276855347353	276852858900	276834455400
276873659069	276869418000	276850904800
276890234922	276885347700	276869434400
276908409285	276902123400	276885810300
276925220155	276919216800	276904269300
276942252111	276938931500	276919690100
276959487596	276954681100	276938207300
276976427504	276970570200	276954584800
276993403310	276987866000	276970547300
277010983755	277004905200	276988299600
277028250311	277021551800	277005417700
277044856476	277037877800	277023493400
277061935267	277058447700	277040083800
277078198021	277075321400	277057789900
277095235304	277091320300	277073333100

