16678174
148562991877	148559376900	148542363300
148580283189	148574837500	148557727500
148596774298	148593056400	148574810800
148614802045	148609626000	148593016400
148631382323	148626091700	148609588700
148648444546	148643539300	148626607300
148666091943	148665792300	148643523200
148682092942	148683568700	148661881600
148699722580	148699593000	148677194700
148716299431	148716454000	148699523400
148733302752	148733064600	148716277100
148750326149	148748872800	148733001300
148766964806	148762355700	148748836700
148784191212	148787413100	148761433200
148800928896	148801392300	148785441800
148817877864	148816896200	148797435000
148835247938	148834335600	148814210700
148853505098	148849733400	148831588600
148871636205	148864993400	148849686500
148888399531	148882063300	148864956300
148905118512	148904607900	148882031100
148922260097	148918204000	148900924000
148939568164	148936534600	148918215900
148957276298	148951622600	148935934100
148974181406	148968284800	148952021600
148991711892	148985628600	148970148500
149008644000	149001708400	148985573400
149026040147	149021948300	149001686900
149042135385	149038717400	149021243400
149058993635	149054585700	149037419500
149076259435	149072502800	149054559400
149093349055	149089106400	149072455300
149110182991	149105301500	149087495300
149126653240	149121715100	149105285400
149143968819	149143642700	149121680300
149160229542	149156228000	149142163300
149177260700	149173885900	149155321100
149194238327	149190785800	149172887200
149211538309	149207450000	149189131900
149228930914	149224168600	149205661400
149245169138	149241328700	149224146500
149263132418	149259945400	149241311100
149280038621	149277243700	149259551900
149297232524	149292726400	149275500500
149314128006	149312836200	149292325300
149331375852	149328478600	149309015900
149348272009	149342809500	149326760700
149366397774	149361064600	149342765700
149382695506	149381176300	149361107100
149400482472	149396391700	149379092900
149417249424	149413673200	149394844800
149434051267	149430378000	149411823600
149451234240	149446129600	149430359800
149469079279	149462869800	149446756800
149486337350	149479819900	149462847000
149502618527	149499458800	149479799600
149520111109	149515885400	149498810200
149536721594	149533070500	149514907200
149554504082	149548886600	149533053000
149571282053	149565837400	149548871800
149588866929	149582589300	149565812700
149605891431	149600291000	149582568000
149622598151	149620537900	149600790200
149640373788	149636353700	149618413900
149657221938	149652998400	149634572300
149673908657	149670981900	149652977400
149691296093	149686432600	149669339700
149708501361	149701818300	149686405400
149725076116	149721000500	149701603700
149741800000	149738504700	149720508400
149759047447	149754872300	149737846900
149776295184	149772031300	149754265800
149792530534	149788690700	149771009300
149810341895	149807491700	149787817900
149827142943	149822842300	149805553900
149844850861	149838951400	149822797900
149861562316	149861089000	149838929400
149879038040	149875639000	149859534800
149895951759	149893334400	149874669200
149913628014	149909675100	149891211900
149930846318	149926351900	149908161900
149947669461	149942815600	149926327800
149964953376	149958998000	149943145000
149983186768	149979869300	149958975800
149999356881	149994972000	149978750800
150017102472	150011195000	149994014500
150033473805	150029796100	150010971100
150051378191	150045719500	150029775200
150068116300	150062852700	150046176800
150086048027	150080250000	150063278500
150103237508	150099478900	150080725100
150120583434	150117141700	150098983100
150136861574	150131943100	150116477100
150152977466	150149299200	150131904900
150170848580	150166148900	150149266600
150187377731	150180999400	150166115000
150204572332	150199761800	150181651600
150221093192	150217511100	150199725400
150238112481	150237181400	150216644600
150255115132	150251443800	150233821400
150271816272	150268981600	150250598100
150289082685	150285536300	150267833400
150306741355	150302465800	150285511800
150323534831	150318826700	150301146200
150340483292	150339694700	150318562400
150357841200	150355470000	150339063000
150375386007	150373368200	150354878700
150392054233	150389626100	150372896800
150409241293	150406838500	150389133600
150427572502	150424458100	150406090900
150445235308	150440436100	150422879300
150462410354	150461187000	150440786400
150480801890	150477733600	150460282700
150498017299	150492923500	150477709000
150516173406	150510304500	150493695200
150533066192	150528325200	150511114200
150550617800	150545369400	150529324600
150568422327	150563060000	150545801100
150585708609	150581949200	150563765800
150602937654	150596610700	150580917400
150619834670	150614871300	150597200900
150636645363	150631165600	150615361200
150654872638	150648025900	150631906800
150671465237	150664907300	150648598300
150687702337	150681057400	150665461800
150704950056	150701538200	150681819100
150721105872	9223372036854775807	150700843400

