16678174
1458720461026	1458715573100	1458698324300
1458737903388	1458735029100	1458715540500
1458755587437	1458749218900	1458734996500
1458772560937	1458766138100	1458750010900
1458789432237	1458789511800	1458766533600
1458806488436	1458804574100	1458785929400
1458823314676	1458820312500	1458800430700
1458840015548	1458840829700	1458818116900
1458857421105	1458853225600	1458834884000
1458874444671	1458868695600	1458853054000
1458891492104	1458887276300	1458868629000
1458908267570	1458912551000	1458888420700
1458925629663	1458928388000	1458904773100
1458943024658	1458948409100	1458920206700
1458958904353	1458964277500	1458936826200
1458976263129	1458972636400	1458954823000
1458994693171	1459000680100	1458972597900
1459010866083	1459004866700	1459000642500
1459028102914	1459024089600	1459004829100
1459044349078	1459045535800	1459028396100
1459061788289	1459064483000	1459041158600
1459078672519	1459080258800	1459057803500
1459096064062	1459093311600	1459073226200
1459112954736	1459110827700	1459092699500
1459130191296	1459127279700	1459110438900
1459147466324	1459141202200	1459127241800
1459164084146	1459163332300	1459141659300
1459181355064	1459178202700	1459163029000
1459198840598	1459196619600	1459177726500
1459215138846	1459211150200	1459193489800
1459233130403	1459227633900	1459211123500
1459250700910	1459245163200	1459227601700
1459267670075	1459262847600	1459245971100
1459285509107	1459281638400	1459263312700
1459303188992	1459297800800	1459280849700
1459319398281	1459317083500	1459296922100
1459336203192	1459331916700	1459315556200
1459354104380	1459350389700	1459331813000
1459370828111	1459365652400	1459350008200
1459388388996	1459382426100	1459365551100
1459404899764	1459405387300	1459382956100
1459422861438	1459417354900	1459401591500
1459439228218	1459436031400	1459417317900
1459457286641	1459450415600	1459435977000
1459473563500	1459467947400	1459453025400
1459490856627	1459484722300	1459468377100
1459508268508	1459501181000	1459485090400
1459525052714	1459521747300	1459502031200
1459541501038	1459538359400	1459520518800
1459558124357	1459555710500	1459536302700
1459574955693	1459571550100	1459555671300
1459592125261	1459588843100	1459571518900
1459609419936	1459607115800	1459588837800
1459626547576	1459622251300	1459607090000
1459643116348	1459646570500	1459623529800
1459659898805	1459657144300	1459643404600
1459676532411	1459676055100	1459655793300
1459693265796	1459691412600	1459672537100
1459711119344	1459710146800	1459689392900
1459728340702	1459725411000	1459710110600
1459745971609	1459741009000	1459725380000
1459762977214	1459761544900	1459744762900
1459781047458	1459775187500	1459761143400
1459797492973	1459794696700	1459775154800
1459815367866	1459809022800	1459794642800
1459832052040	1459826190600	1459810153600
1459849210359	1459843914900	1459826646400
1459866408494	1459859612700	1459844906700
1459884236262	1459880538700	1459859968100
1459899917437	1459898914600	1459880038200
1459917493456	1459916800800	1459895048300
1459934667972	1459931823500	1459911795900
1459951330625	1459944992600	1459928429800
1459967948887	1459961490000	1459944914500
1459985281616	1459978633300	1459961409400
1460001415840	1459999070000	1459978976100
1460019089659	1460015289600	1459997821500
1460035476354	1460033416300	1460013862500
1460051741650	1460046784900	1460030467800
1460069750047	1460068005500	1460046753600
1460086124325	1460083387300	1460067364300
1460103415627	1460100137400	1460083266800
1460120075809	1460120246600	1460097609300
1460136923154	1460136438100	1460119098600
1460154373810	1460152495600	1460134484700
1460171516455	1460172552400	1460150319300
1460189945991	1460184965100	1460172529600
1460207256080	1460201616100	1460185345800
1460225371151	1460221178900	1460201931600
1460242078008	1460240085900	1460221234200
1460260541593	1460256357200	1460237175000
1460276385941	1460273301600	1460253939100
1460293558140	1460287733300	1460273281700
1460311144619	1460305972000	1460288170800
1460328096382	1460323187100	1460306700000
1460346159233	1460340266600	1460324184600
1460363420373	1460359482000	1460340635100
1460380297506	1460372925500	1460358798900
1460396557152	1460390358000	1460372901900
1460413118428	1460407519100	1460390333700
1460430396670	1460424530200	1460408118700
1460447464743	1460441113800	1460423821100
1460464189381	1460458378100	1460441132100
1460480635812	1460479116300	1460458700100
1460498351156	1460494437500	1460477588800
1460514571452	1460512392800	1460492019200
1460531436009	1460528372600	1460509163700
1460547860174	1460544598000	1460528346100
1460565312826	1460561604900	1460542817100
1460582096588	1460576370800	1460561582000
1460599243997	1460597317300	1460576344600
1460616332305	1460613524500	1460597044000
1460633659911	1460630607200	1460613189300
1460650510276	1460647467600	1460627373700
1460667330568	1460665666200	1460645735100
1460685090201	1460682406100	1460665620300
1460702742568	1460697297400	1460682287100
1460720301981	1460718872900	1460697743600
1460737599472	1460735853200	1460714352700
1460754560985	1460748917900	1460732027800
1460771317615	1460766606500	1460748875600
1460789153359	1460784037600	1460767129800
1460807051414	1460801171800	1460784553400
1460824425018	1460818806900	1460801555900
1460841561041	1460838913800	1460819239900
1460859126060	1460852419100	1460837173200
1460875477575	1460870895700	1460852361800

