16678174
1162772455777	1162769360400	1162751108900
1162789531269	1162785662200	1162767682400
1162806694842	1162802357800	1162784424700
1162823569841	1162818405600	1162801343000
1162840554219	1162836942500	1162818293600
1162858147523	1162854280800	1162835635400
1162874965045	1162871197600	1162853996300
1162891753583	1162889171600	1162870876500
1162908519853	1162906846000	1162888746300
1162926334810	1162923528900	1162905432200
1162943217535	1162941512500	1162922280800
1162961553215	1162957156600	1162940673400
1162978341899	1162980336300	1162957123000
1162996297266	1162992412900	1162977658800
1163013753120	1163010616700	1162991678400
1163030385623	1163027486500	1163010571000
1163048723805	1163044336800	1163027402700
1163066666131	1163062206600	1163044868100
1163083969552	1163079635400	1163062654100
1163101773649	1163101375600	1163080153600
1163118726606	1163113693200	1163098629300
1163135501112	1163129458800	1163113672000
1163152420096	1163146729100	1163129439400
1163169814984	1163164256400	1163148442200
1163187182394	1163180226700	1163164854400
1163204454282	1163196994400	1163181046400
1163220633733	1163217234000	1163197343200
1163237379353	1163233517500	1163216828700
1163254273170	1163249723500	1163233498400
1163271044823	1163267025300	1163248392700
1163288096045	1163283768800	1163265282600
1163304853123	1163300245200	1163282454900
1163322136066	1163317773400	1163300214000
1163338979099	1163336299200	1163315908400
1163355278647	1163353085900	1163335871100
1163373025944	1163369875900	1163352246300
1163390639962	1163386266700	1163369135000
1163406705697	1163402459800	1163385754000
1163425210745	1163419800900	1163402103000
1163441530463	1163437003000	1163418638500
1163458220257	1163457975400	1163435788300
1163475234353	1163472808700	1163455418400
1163492932729	1163489848100	1163471702900
1163510230670	1163507573700	1163488644200
1163528097343	1163522582300	1163507548200
1163546097922	1163539921600	1163522933000
1163562931724	1163558023900	1163539903200
1163580391546	1163580687700	1163558427400
1163598286764	1163594476300	1163580635600
1163615228418	1163610723400	1163593238300
1163632077822	1163626365500	1163610700200
1163649447984	1163642969100	1163628793800
1163666319035	1163660367000	1163642944300
1163683363215	1163677224800	1163660784900
1163700551879	1163697960300	1163678735900
1163717509670	1163711064600	1163697161200
1163734108023	1163733422900	1163712888300
1163751398305	1163749954200	1163733388200
1163768337591	1163761343600	1163749065900
1163785180380	1163779033000	1163761727000
1163801679571	1163795263300	1163778872800
1163818703124	1163816580600	1163795693000
1163835483966	1163831075800	1163815593300
1163852750180	1163848087500	1163829662000
1163868998571	1163864083900	1163846196900
1163885433884	1163880417800	1163863731100
1163901869214	1163897882300	1163880095100
1163918640198	1163914030900	1163896750700
1163936127545	1163933883900	1163913250700
1163952312783	1163949922500	1163933617400
1163969774774	1163967058700	1163947248300
1163987378466	1163983158600	1163966338700
1164004540560	1164000702900	1163982267500
1164020887335	1164016174900	1164000679700
1164038480755	1164033555300	1164016152100
1164056105771	1164053531800	1164033532700
1164073284024	1164069736800	1164053199200
1164090175806	1164092001100	1164069200900
1164107137792	1164103139600	1164091872700
1164129253380	1164120047000	1164103102700
1164143126811	1164138495200	1164119924300
1164160171136	1164154077700	1164138447300
1164176613396	1164175042800	1164154610800
1164194214504	1164191457800	1164174686900
1164211631070	1164206165700	1164189768600
1164228197223	1164223426700	1164206656600
1164246221445	1164239975100	1164224763800
1164263678863	1164257027300	1164240365300
1164280430558	1164273801000	1164257469500
1164297270773	1164293426900	1164274356600
1164314281665	1164309280500	1164291391000
1164331200419	1164327759500	1164308916100
1164347567443	1164342921000	1164325703600
1164365043901	1164360541700	1164341811000
1164381417188	1164378190800	1164358982100
1164398725737	1164394165300	1164378164700
1164415096417	1164414926900	1164394147400
1164432977740	1164432222300	1164414423700
1164449328959	1164449086900	1164428621700
1164466302695	1164464819900	1164444911300
1164484192643	1164480128100	1164461739800
1164501145061	1164496108500	1164480109800
1164518947716	1164516752500	1164496076900
1164536156280	1164531059100	1164515601800
1164552654751	1164546393700	1164531037500
1164569961007	1164564347700	1164546371900
1164586729193	1164581064500	1164565416300
1164604529201	1164597401300	1164581377400
1164621402548	1164613754400	1164597408800
1164637296746	1164633993800	1164614064100
1164654188743	1164650991300	1164633259000
1164671526742	1164668143800	1164649143300
1164688299360	1164685403700	1164665363400
1164704362855	1164704864800	1164681819100
1164721298931	1164718330300	1164698515200
1164738690252	1164732334300	1164716415600
1164755159189	1164757638200	1164732293700
1164772658578	1164772446700	1164754549000
1164789492729	1164786491900	1164768577500
1164806296931	1164802700900	1164783355700
1164823067291	1164818840800	1164801594400
1164840554800	1164834867600	1164818786000
1164858420607	1164851730700	1164834838400
1164875023193	1164872064200	1164851683900
1164891895661	1164889521900	1164870884800
1164909560676	1164907028500	1164888156400
1164926449748	1164921532300	1164904694200

