16678174
195068225465	195068363000	195045617600
195068225465	195104288800	195084608400
195068225465	195120761800	195097742000
195068225465	195136421000	195113698300
195068225465	195153204600	195129869000
195068225465	195165295600	195148936000
195068225465	195178949900	195163799200
195187248399	195193338300	195172550700
195204480706	195208046600	195190404500
195221037272	195220846900	195199700300
195236959064	195237570700	195217503300
195253048078	195250827500	195233246400
195269793610	195268385400	195250157700
195286420675	195284376200	195263573500
195303265707	195306397600	195283899300
195321185912	195320690500	195305803100
195338112157	195337510800	195320217000
195355969013	195355383100	195337134200
195373941437	195372491000	195353944000
195392288277	195387658500	195370047000
195409122908	195404763400	195387627600
195427720454	195425547000	195405453600
195445070330	195441980200	195423815500
195462784031	195458129000	195441945300
195481304132	195475203300	195458078300
195497340132	195491089100	195475824200
195514460373	195509744400	195491058300
195530871865	195525822200	195510679300
195549321399	195549245900	195526595500
195565296526	195566234300	195546135900
195582150948	195581161700	195560568400
195599142646	195594735700	195578036500
195616662963	195611556400	195593769600
195633993458	195627910100	195611605900
195651107693	195643835600	195627870300
195667949082	195668570000	195644448000
195684047832	195686065000	195664563300
195701647413	195696229400	195679917400
195718148317	195721796700	195695976900
195736046421	195737824200	195713685600
195751684484	195754348000	195729858900
195768186954	195772922000	195746270100
195785381070	195781457800	195762853100
195802313883	195796957400	195781389100
195819773553	195824752100	195801123300
195837200870	195842108100	195815962700
195853624583	195856837700	195833183700
195869694933	195868763100	195850491100
195885427974	195884661200	195866068200
195903221566	195912806500	195882642200
195920185220	195920873200	195907767000
195937334683	195941243600	195919290900
195955238793	195958040700	195936116400
195973245801	195972122000	195953218300
195989971788	195988972100	195969472400
196008212158	196005724500	195986703600
196025266313	196026791900	196004079500
196042932257	196042123500	196026309600
196059925673	196064685500	196041406100
196078131845	196087383400	196059195800
196096739103	196098102300	196075973100
196096739103	196130094400	196112351600
196096739103	196143365700	196124783000
196151054289	196160328100	196140516700
196168975118	196176860900	196160242000
196186023662	196197946100	196176793900
196202988096	196211724500	196193860900
196237537390	196229067300	196225646000
196254006999	196247197300	196236762300
196271157947	196264466600	196248892700
196287181964	196285701100	196264472700
196303862358	196297539100	196283610300
196320067114	196316081700	196297480800
196337206378	196332262000	196316028600
196353555969	196349904600	196330017000
196369268143	196365822300	196347723700
196386207141	196382488800	196365779600
196402838500	196408440500	196380634300
196419638487	196421556800	196402251600
196436060896	196437430500	196418718100
196452264124	196452799200	196433633600
196470292566	196473209500	196451246100
196487344560	196489071200	196467588400
196504336735	196502901700	196482884300
196522186195	196517492200	196502836300
196539359943	196541591400	196518161900
196557476362	196557359500	196537432900
196574916616	196572246800	196557132000
196594494340	196589346900	196573044100
196612169659	196608304600	196589807900
196629736394	196625304900	196611208500
196648076162	196646385800	196626083400
196665392957	196661750100	196643967900
196682905373	196677172600	196662237800
196700408905	196694979800	196677922100
196717185551	196711163900	196695700200
196735066908	196728150600	196712768600
196751402113	196744037900	196728649900
196768210758	196768326800	196745151800
196784176453	196777530800	196764671700
196800503069	196796350800	196777430700
196817466783	196810368700	196796310000
196833500413	196827376600	196810261500
196850369017	196846003000	196827186600
196865954421	196860365100	196843886300
196882766004	196882867400	196860153500
196899235870	196897454400	196882384800
196915243683	196914509600	196892891600
196932455713	196930260200	196910234300
196949854518	196948251700	196928054300
196967112081	196964415600	196946021500
196984646812	196981104000	196963843400
197002387077	197002663700	196981007300
197019341268	197018315200	196997890500
197036976862	197034097100	197015809200
197054840256	197050333900	197033985200
197072267152	197069368000	197051591100
197090457049	197085147200	197068940000
197107585626	197102125100	197085713900
197125268208	197123672700	197103081600
197142489753	197139857100	197121829200
197160246889	197154786900	197138027800
197177188479	197173107700	197154723200
197194980130	197189509400	197173195800
197212804671	197207264600	197190167000
197229698484	197223995100	197210170600
197247134194	197244201300	197225042300

