# SurfaceFlinger --latency for 'SurfaceView[com.epidgames.trickcalrevive/com.google.firebase.MessagingUnityPlayerActivity](BLAST)#121' after --latency-clear and 4 s; sampled 2026-09-26T20:01:22.2315300+09:00 custom QEMU build, virgl edid=off, screen as in screenshot-2.png
# frames 127 over 2.18 s = 57.8 fps; frame time p50 17.1 ms, p90 21.4, p99 25.1, max 25.2

16678174
231052884286	231047564000	231030361700
231069580196	231063905800	231046819400
231087099704	231080081600	231063874500
231103777330	231101297200	231080063700
231120204931	231118398600	231099688900
231137721612	231134554000	231115750900
231154435676	231152209500	231133513800
231170780008	231173603700	231150466100
231188203673	231188587700	231167673000
231205126106	231204103900	231183422800
231222791992	231217094300	231200935800
231239238340	231242331400	231217023800
231257134599	231256451200	231241159500
231274351566	231272105700	231253024900
231290811560	231286326700	231269922500
231309641875	231303554300	231286299600
231326550927	231320604500	231303403600
231343376529	231337674500	231321572200
231360643450	231360172800	231337644000
231378005547	231382763500	231356681900
231378005547	231407903200	231400712700
231429992535	231425297900	231412813900
231446423535	231441828600	231425287000
231463624835	231458698700	231442751000
231482015315	231479122000	231460238800
231498467219	231495614600	231478421900
231515701622	231514199000	231493634400
231532647204	231529181700	231511992800
231551202911	231546832300	231527446700
231566656055	231561132000	231544823900
231584202631	231578480100	231561097700
231600756852	231598954400	231579127300
231618611209	231614642900	231597816300
231636080294	231632546300	231613802900
231652270922	231648585300	231630420700
231669539825	231668966400	231648559500
231687428387	231681482700	231664992100
231704128016	231698082700	231682253500
231721933740	231718863600	231698815400
231738466099	231734966200	231717824200
231755631206	231752458300	231733402100
231772747192	231767297000	231750648700
231790813381	231784101800	231769047400
231807504712	231800994300	231784056700
231824201316	231818498800	231801493200
231841261760	231838703000	231819072100
231858409715	231855650000	231838074300
231875031239	231872912300	231853719600
231892643938	231889332100	231872856200
231909735598	231905949600	231887438700
231926480705	231920636700	231903822900
231942917931	231937776500	231920598500
231960807232	231956852000	231937640600
231977652192	231974530700	231956250800
231994431701	231990965600	231973573500
232010724108	232009450700	231990492700
232028135013	232027025200	232007668400
232045293598	232043447000	232024803800
232062395225	232058846700	232041361900
232080235167	232079870500	232059474200
232098045521	232095356200	232079347900
232115561963	232117511100	232094507800
232131799298	232133278700	232113644100
232149123125	232150529800	232128055800
232167383747	232162231900	232145454300
232184113545	232179220700	232162194000
232202495383	232200595800	232179891600
232219573013	232216130100	232198835500
232237981398	232232069000	232214941900
232255175865	232248925800	232236844800
232272438039	232266706600	232249902000
232289224578	232284469500	232267485000
232306812270	232302333400	232285325600
232324606923	232320421100	232302429500
232341602225	232334839900	232319686400
232358449287	232352775400	232334660100
232374875137	232368639400	232352804900
232392431356	232385681900	232368607900
232408967012	232402198300	232386540700
232425957897	232425129700	232401983700
232441981384	232438737300	232426523200
232464305134	232454474200	232438180700
232475419475	232471639200	232453068200
232492452207	232487921600	232470323700
232509444512	232508927400	232486618900
232525420517	232521474100	232508875500
232544582060	232539500500	232520192300
232559516895	232560675000	232539424200
232577389503	232574932500	232557435400
232594111330	232591141600	232574167800
232610964471	232608588000	232590495800
232628307084	232626300900	232607099700
232645214334	232643473400	232625654800
232663405014	232658980200	232643401400
232680116878	232681317500	232658870400
232697473010	232698256300	232679959300
232714272935	232711757600	232693365400
232731411235	232729896000	232710687500
232749655235	232745071200	232729853200
232767943575	232761850200	232746605400
232784912967	232779025400	232762545700
232801878540	232801175800	232779679400
232819370279	232814564100	232797861600
232836382390	232836539200	232814386000
232854219099	232848333200	232836512500
232870745867	232865049600	232849327500
232888476860	232882119200	232865778500
232904977535	232898711800	232882736300
232922359455	232920447700	232900941000
232939009431	232933822000	232915335800
232955375972	232951849300	232932688500
232972087285	232969630300	232951814100
232989301155	232982730900	232968080600
233006343351	233002153700	232982709100
233023231307	233016880900	233000013600
233039359613	233039371600	233016121600
233056518997	233053610500	233037876500
233073061845	233070507800	233053020900
233090147203	233087709900	233069133100
233108293749	233105149200	233085989500
233125358727	233119975700	233103265800
233142678888	233138122700	233119912000
233160080158	233157458700	233137127000
233177395873	233174139200	233156045100
233193319945	233192109100	233173305300
233210759963	233209601800	233191906700
233228540038	233226680400	233207461800

