# SurfaceFlinger --latency for 'SurfaceView[com.epidgames.trickcalrevive/com.google.firebase.MessagingUnityPlayerActivity](BLAST)#121' after --latency-clear and 4 s; sampled 2026-09-26T20:01:47.0175661+09:00 custom QEMU build, after a tap, screen as in screenshot-3.png
# frames 70 over 1.19 s = 58.2 fps; frame time p50 16.6 ms, p90 23.1, p99 31.3, max 31.3

16678174
0	0	0
0	0	0
0	0	0
0	0	0
0	0	0
0	0	0
0	0	0
0	0	0
0	0	0
0	0	0
0	0	0
0	0	0
0	0	0
0	0	0
0	0	0
0	0	0
0	0	0
0	0	0
0	0	0
0	0	0
0	0	0
0	0	0
0	0	0
0	0	0
0	0	0
0	0	0
0	0	0
0	0	0
0	0	0
0	0	0
0	0	0
0	0	0
0	0	0
0	0	0
0	0	0
0	0	0
0	0	0
0	0	0
0	0	0
0	0	0
0	0	0
0	0	0
0	0	0
0	0	0
0	0	0
0	0	0
0	0	0
0	0	0
0	0	0
0	0	0
0	0	0
0	0	0
0	0	0
0	0	0
0	0	0
0	0	0
0	0	0
246797764653	256820954400	256800232800
246797764653	256838117600	256823653600
256860844360	256860524200	256838197100
256877310375	256873498400	256857033300
256893953527	256892935300	256873466000
256911675009	256908600500	256892889000
256927302734	256927195400	256908570800
256945294574	256943758600	256927162700
256961874606	256960259300	256943725500
256978363112	256981598000	256960160000
256995263277	257001320000	256981549300
257011139108	257017700900	256993898800
257026322954	257027949600	257010216000
257041403610	257044174200	257027028500
257057948775	257061151500	257041714500
257073619767	257077766000	257059852200
257090873561	257085620700	257075842400
257107717795	257101772200	257086527100
257125656863	257117715700	257104200800
257141988838	257134459800	257120169000
257157693177	257150096500	257140275600
257174325209	257165045700	257152131900
257190254834	257180731800	257167741200
257205109594	257197785900	257184572300
257221087342	257218776800	257196251100
257230777461	257234226600	257216965000
257249532176	257250863600	257232865900
257266514848	257267725200	257249588300
257284315365	257283910900	257265870400
257300513579	257301522100	257282156200
257316905010	257318991600	257299905700
257333897555	257329079700	257317259000
257351244651	257346323400	257330002100
257368868108	257372662300	257347080200
257400892674	257391877700	257385467300
257430672940	257423209300	257417105600
257447658219	257438804900	257424076600
257463523042	257460819000	257440646100
257479118721	257475255000	257459734700
257494331443	257491265900	257472512600
257518172688	257512281900	257505681700
257535515418	257528901200	257513098700
257552418121	257546003600	257529464600
257569160004	257561990300	257546965700
257585795110	257583653000	257562009800
257601263395	257598391800	257582036600
257617189103	257610954800	257598350500
257633864710	257632557800	257610912600
257649887295	257647644500	257629704800
257666004063	257660478600	257644295600
257682209357	257678054600	257659770000
257698575513	257707825200	257676802700
257714249697	257713741000	257696682000
257730960045	257740037300	257708583300
257748075983	257748482500	257730096900
257764218993	257765404200	257741068200
257779855921	257790103700	257764278100
257796623224	257798189000	257779917600
257813047186	257811950700	257790727500
257830310316	257827282400	257808878400
257847203500	257850375500	257825784600
257864927447	257867894100	257848896000
257881778805	257883884400	257865891300
257899186811	257902872900	257883022600
257917412815	257920383900	257899509300
257936464419	257950948800	257916918600
257954077483	257955268400	257938717600
257972449973	257973498400	257952906300
257991566345	257988395100	257973423600
258010850623	258006590000	257989310100

