# SurfaceFlinger --latency for 'SurfaceView[com.epidgames.trickcalrevive/com.google.firebase.MessagingUnityPlayerActivity](BLAST)#216' after --latency-clear and 4 s; sampled 2026-09-26T18:45:15.4140975+09:00 third window
# frames 127 over 2.57 s = 49.0 fps; frame time p50 17.7 ms, p90 34.5, p99 42.9, max 50.4

16678174
9297987497667	9298022067800	9298018848300
9298049050027	9298064937800	9298037778800
9298066288189	9298076159700	9298055721300
9298066288189	9298097882100	9298089506400
9298066288189	9298115537700	9298111383900
9298138082473	9298151940300	9298130978200
9298138082473	9298174415300	9298146587400
9298138082473	9298184595200	9298163733600
9298138082473	9298218072000	9298199709300
9298229827670	9298231435300	9298214423500
9298229827670	9298253853800	9298249761000
9298229827670	9298285049900	9298269018500
9298229827670	9298304252700	9298284124700
9298314314788	9298324751600	9298300973700
9298331705498	9298343340000	9298317807200
9298348339085	9298346918700	9298334251500
9298348339085	9298382598700	9298362266800
9298348339085	9298389750900	9298381747800
9298348339085	9298408208600	9298401350900
9298348339085	9298443832000	9298420620500
9298448875955	9298461578900	9298437013000
9298465056471	9298467085300	9298454006200
9298465056471	9298481340700	9298477527700
9298465056471	9298510845900	9298494555400
9298525399722	9298533285500	9298506896900
9298541837265	9298551174100	9298524494900
9298557551959	9298566702900	9298550578000
9298573398894	9298578202400	9298566625900
9298573398894	9298611489400	9298588390700
9298617871505	9298612490300	9298603857700
9298617871505	9298653787700	9298627226400
9298617871505	9298669891600	9298643914800
9298676004594	9298687355900	9298669843300
9298676004594	9298696277300	9298687296400
9298717743841	9298729583900	9298706379900
9298717743841	9298731043000	9298724005800
9298717743841	9298746285400	9298743650600
9298774537688	9298766912300	9298760753500
9298790269878	9298800343800	9298781111900
9298790269878	9298816075900	9298795637500
9298790269878	9298825186500	9298813148200
9298844892019	9298837067100	9298833305100
9298861868562	9298875563600	9298852175200
9298861868562	9298894522900	9298866193700
9298861868562	9298899816300	9298884771700
9298921605983	9298915695500	9298912286200
9298921605983	9298934939800	9298931185600
9298921605983	9298949857100	9298947910400
9298978620501	9298967116000	9298965774900
9298995750167	9298983404500	9298979439700
9298995750167	9299033763600	9299015752900
9299041102276	9299050088200	9299032845700
9299041102276	9299053961800	9299050029900
9299084947221	9299087957900	9299076616800
9299084947221	9299103130500	9299098457900
9299084947221	9299119592500	9299115663800
9299084947221	9299154013100	9299146559500
9299175721196	9299170168000	9299159634300
9299175721196	9299211406200	9299191387600
9299220876298	9299223844800	9299205993900
9299220876298	9299240022500	9299223673600
9299257850144	9299257695300	9299239820800
9299275663102	9299284339500	9299256748000
9299293206328	9299290782400	9299284318400
9299308018690	9299305581000	9299292238300
9299325022599	9299327746900	9299317400100
9299325022599	9299343258900	9299327686700
9299325022599	9299358710100	9299343706800
9299381247337	9299376054600	9299370335600
9299398819337	9299394612000	9299389451800
9299416791296	9299424305400	9299407727800
9299433147224	9299443182500	9299441388500
9299485315811	9299477657500	9299475915600
9299501822316	9299497464000	9299492337000
9299518597340	9299516490000	9299498750100
9299535876619	9299534852900	9299529457200
9299535876619	9299553271200	9299548816800
9299535876619	9299583139700	9299567912500
9299535876619	9299592709300	9299572165900
9299535876619	9299595037300	9299592569400
9299629550181	9299629057500	9299619563400
9299649850592	9299646546500	9299628878600
9299660960020	9299664245800	9299643831000
9299660960020	9299679047100	9299663524500
9299660960020	9299696127900	9299678917300
9299660960020	9299715789300	9299695943800
9299660960020	9299732516700	9299714226600
9299660960020	9299751675700	9299747430500
9299771836463	9299768586800	9299764764900
9299788353177	9299785710300	9299780444800
9299788353177	9299801166200	9299798563200
9299788353177	9299835206500	9299819890500
9299850518694	9299854680700	9299828099300
9299868388082	9299872119000	9299854327400
9299886066693	9299897640800	9299871801900
9299903278221	9299916451400	9299889731500
9299918453764	9299919051300	9299909158100
9299937438878	9299933919900	9299919639200
9299937438878	9299962015200	9299952290200
9299937438878	9299995664400	9299979221600
9299937438878	9300012841800	9299995539400
9300027840845	9300029471700	9300012683200
9300045508723	9300031609600	9300029455400
9300045508723	9300066166600	9300058575000
9300045508723	9300083626600	9300079915500
9300045508723	9300116166200	9300106914800
9300137299788	9300134097100	9300116859400
9300137299788	9300166145600	9300151362100
9300137299788	9300169776200	9300165896400
9300137299788	9300202094500	9300187385300
9300137299788	9300219601900	9300201974400
9300137299788	9300236141800	9300219461900
9300259122967	9300269241100	9300252195500
9300259122967	9300271318000	9300269111700
9300296949267	9300302271200	9300290025500
9300318911161	9300318563300	9300302100500
9300329708956	9300335733400	9300318355900
9300348860991	9300353257200	9300335492400
9300348860991	9300369447300	9300353114300
9300348860991	9300373736100	9300369339800
9300404997164	9300405273500	9300395824800
9300404997164	9300429338800	9300411994900
9300404997164	9300452660200	9300446472400
9300404997164	9300485943800	9300483650800
9300404997164	9300520647200	9300513184600
9300404997164	9300556368800	9300542983900
9300404997164	9300593536400	9300577572700

