# SurfaceFlinger --latency for 'SurfaceView[com.epidgames.trickcalrevive/com.google.firebase.MessagingUnityPlayerActivity](BLAST)#216' after --latency-clear and 4 s; sampled 2026-09-26T18:45:20.3376243+09:00 fourth window
# frames 127 over 2.50 s = 50.4 fps; frame time p50 17.3 ms, p90 33.0, p99 36.2, max 38.1

16678174
9302977410276	9303000477100	9302995147600
9303025203589	9303036675100	9303015673100
9303025203589	9303051496500	9303036632500
9303025203589	9303063862200	9303051439300
9303025203589	9303082461100	9303075328900
9303025203589	9303114335800	9303096656600
9303126940195	9303120593100	9303111155800
9303139397043	9303137143700	9303130345500
9303174648112	9303167504900	9303163483600
9303190106796	9303205580100	9303181150600
9303205187084	9303219719600	9303198046200
9303228361954	9303237703200	9303215084000
9303245252031	9303241262900	9303230585200
9303261058371	9303269622800	9303255304600
9303277692924	9303285189700	9303267839200
9303292880646	9303304176500	9303283293300
9303309826244	9303318685300	9303300859900
9303341793385	9303334859000	9303332205300
9303357873735	9303351551200	9303345546300
9303372931515	9303380191700	9303359988200
9303388430759	9303396778900	9303370988800
9303403170034	9303414869300	9303386978800
9303418425574	9303431717500	9303403439400
9303418425574	9303439497600	9303431656200
9303457761160	9303454277300	9303449527300
9303476492275	9303490258200	9303470383100
9303476492275	9303495718400	9303486517900
9303476492275	9303508247600	9303501370400
9303535981462	9303540385900	9303522411200
9303562023284	9303557141400	9303549846500
9303578742054	9303576185700	9303571977900
9303578742054	9303607458900	9303604757600
9303578742054	9303624685200	9303621206300
9303649469220	9303645951300	9303634657700
9303665246203	9303660572700	9303644837500
9303683919089	9303677317500	9303660368500
9303699496759	9303694653500	9303679247100
9303715896474	9303710802600	9303698718400
9303715896474	9303730277300	9303727546300
9303715896474	9303746801700	9303733224000
9303715896474	9303766577500	9303755453600
9303805147615	9303799267100	9303785990000
9303821117579	9303816511700	9303813309900
9303857175203	9303848320400	9303837544900
9303886772858	9303881255000	9303876716200
9303886772858	9303915642200	9303907249200
9303933128246	9303931555900	9303912799700
9303933128246	9303947740300	9303946271300
9303977484772	9303981924200	9303971439000
9303977484772	9303998746900	9303981785100
9303977484772	9304014994200	9304013735100
9303977484772	9304047674700	9304039569000
9303977484772	9304066118500	9304047499000
9303977484772	9304068825100	9304067055200
9304100418301	9304102429500	9304091940100
9304117950588	9304119581100	9304096994100
9304137064337	9304135480900	9304114732900
9304155195237	9304153561600	9304132851300
9304173151316	9304169775700	9304148760500
9304189020940	9304191387300	9304166085700
9304206399039	9304202485800	9304183892000
9304224240078	9304219432600	9304200786100
9304241100570	9304236622200	9304219298200
9304259006523	9304254430100	9304237012700
9304276821825	9304269764500	9304254757900
9304294217287	9304289308300	9304271913700
9304311818757	9304302562800	9304290206000
9304329037792	9304319706200	9304309512000
9304346324381	9304336253100	9304323309600
9304363242572	9304353558300	9304344530300
9304380520224	9304369244900	9304359301900
9304397014507	9304386300800	9304376118500
9304413769892	9304406024400	9304386150100
9304422964241	9304426696100	9304401494700
9304441384060	9304442085600	9304419184300
9304459235695	9304459089800	9304439423600
9304477915803	9304476826200	9304457079700
9304495910629	9304499690500	9304474416100
9304512713030	9304509225300	9304489573400
9304512713030	9304537133800	9304518725600
9304512713030	9304561661000	9304543086200
9304577997122	9304576719700	9304561655800
9304577997122	9304593394900	9304576415500
9304608950323	9304609726100	9304593256200
9304625770485	9304626317000	9304609215500
9304641110415	9304646329200	9304626156900
9304661804459	9304662438700	9304644327300
9304661804459	9304680571300	9304668177200
9304708716695	9304713540800	9304697994400
9304708716695	9304747357100	9304739394400
9304770523481	9304766855900	9304747159400
9304786654732	9304793340600	9304764683000
9304804988252	9304800863400	9304783179000
9304821504389	9304825916100	9304800784000
9304837619818	9304840763700	9304813523200
9304853544902	9304850882800	9304833112000
9304890342406	9304884575500	9304864936600
9304890342406	9304918827600	9304900256500
9304931182424	9304934779200	9304918575900
9304964263140	9304950419000	9304944485500
9304964263140	9304984963200	9304971174300
9305001525226	9305003897500	9304984600900
9305013356088	9305023091200	9305003647800
9305033814938	9305038849500	9305037384300
9305033814938	9305071654100	9305057483000
9305033814938	9305088787100	9305083672100
9305033814938	9305122108100	9305110389900
9305142250699	9305143063300	9305120675500
9305160868207	9305169864800	9305142757600
9305175514652	9305179845000	9305169845100
9305175514652	9305194328900	9305180567500
9305175514652	9305209407500	9305203584600
9305175514652	9305227897000	9305214822400
9305175514652	9305260158400	9305241614500
9305175514652	9305264388400	9305260110300
9305175514652	9305282431300	9305279120400
9305319283190	9305312971000	9305311316100
9305353356710	9305346930100	9305343371800
9305369734255	9305366483300	9305359372200
9305387582591	9305383005900	9305373958000
9305404056100	9305407897400	9305393583700
9305421366367	9305426581800	9305402893800
9305439156300	9305441351000	9305414725900
9305454974247	9305460514000	9305441302200
9305454974247	9305476802300	9305450546800
9305490866883	9305483980300	9305476744600
9305506774533	9305501802600	9305495250100

