# SurfaceFlinger --latency for 'SurfaceView[com.epidgames.trickcalrevive/com.google.firebase.MessagingUnityPlayerActivity](BLAST)#216' after --latency-clear and 4 s; sampled 2026-09-26T18:44:11.7329437+09:00 second window
# frames 127 over 2.36 s = 53.3 fps; frame time p50 16.9 ms, p90 33.5, p99 35.6, max 36.0

16678174
9234481843365	9234552714500	9234550270000
9234481843365	9234570376400	9234568211700
9234591008463	9234586323100	9234584293000
9234609502157	9234603069400	9234600744600
9234628095373	9234623372400	9234618785800
9234646516565	9234642503800	9234624429200
9234664444339	9234657643000	9234642396300
9234682469138	9234673489100	9234660922800
9234718667633	9234708816100	9234697266000
9234753859246	9234744362900	9234732042600
9234772182344	9234774834100	9234757675200
9234788687942	9234781286400	9234774785900
9234804052560	9234797263800	9234781186400
9234821525475	9234814341700	9234797219300
9234837492527	9234830427100	9234814287900
9234854464289	9234857084700	9234830396000
9234870614858	9234866082400	9234857041100
9234886842734	9234879567300	9234875876500
9234902793074	9234908446700	9234892294100
9234919646106	9234923005300	9234902041900
9234935037392	9234939403000	9234913059700
9234951455360	9234956645600	9234939369100
9234969165775	9234972261600	9234944620900
9234984805947	9234989830800	9234962747400
9235001656425	9235005382900	9234978262300
9235018482847	9235011340600	9235005289100
9235034818765	9235043442200	9235024783900
9235051593639	9235059815200	9235033217700
9235068287818	9235068703200	9235059737600
9235084799081	9235082759900	9235078857200
9235084799081	9235100870500	9235096930900
9235084799081	9235135976000	9235131940300
9235084799081	9235158545300	9235150365200
9235084799081	9235193101300	9235168764100
9235084799081	9235209031900	9235186940400
9235084799081	9235226312900	9235204811000
9235084799081	9235244626500	9235219986100
9235084799081	9235262737000	9235236838300
9235084799081	9235266014700	9235255929800
9235084799081	9235282972400	9235277060500
9235084799081	9235314978500	9235293891700
9235084799081	9235333564100	9235309448800
9235084799081	9235348791400	9235325609300
9235084799081	9235369248900	9235348745400
9235084799081	9235385887200	9235369134600
9235084799081	9235393641300	9235385800600
9235084799081	9235407824300	9235403805100
9235084799081	9235438921500	9235422286700
9235084799081	9235456251700	9235438869700
9235084799081	9235473055300	9235445802700
9235084799081	9235480709500	9235472712900
9235084799081	9235499866800	9235491540700
9235084799081	9235526570700	9235511213000
9235540524105	9235543263600	9235526474000
9235556652591	9235561121500	9235543205800
9235573593879	9235570634100	9235560959200
9235590585151	9235584277200	9235578059900
9235605862767	9235602038300	9235597118700
9235639671076	9235635788100	9235630380800
9235655564548	9235667771400	9235648827800
9235672972225	9235672570900	9235667726900
9235689516627	9235690179800	9235683497000
9235689516627	9235725573700	9235703515900
9235689516627	9235743671900	9235719953100
9235689516627	9235759926300	9235738623200
9235689516627	9235774189600	9235753243500
9235689516627	9235781707800	9235774128600
9235689516627	9235812318000	9235793267900
9235689516627	9235832126400	9235806438200
9235689516627	9235847902200	9235831485800
9235689516627	9235863594900	9235847291400
9235689516627	9235880246300	9235856341300
9235689516627	9235894592700	9235873672800
9235689516627	9235909693100	9235893762200
9235689516627	9235910536700	9235899793700
9235689516627	9235946181100	9235927765700
9235689516627	9235963985200	9235943207400
9235689516627	9235982517700	9235960497600
9235689516627	9236000349700	9235977507200
9235689516627	9236005930000	9235993423600
9235689516627	9236025814600	9236017969400
9235689516627	9236055464700	9236040070200
9236066109491	9236073417200	9236055379100
9236083111660	9236088657700	9236063221800
9236100688095	9236105989100	9236079386100
9236117882703	9236121177000	9236095822600
9236135190250	9236130082100	9236113133700
9236152504587	9236147592900	9236130526900
9236170292776	9236174551200	9236148169200
9236187634788	9236189849600	9236166319500
9236204370017	9236206797900	9236182088800
9236221544581	9236223558000	9236206700600
9236238502912	9236233820300	9236223530300
9236256400756	9236245186700	9236233793100
9236273757592	9236280771400	9236260883800
9236291028141	9236294844100	9236280734900
9236308188600	9236310239800	9236286936600
9236324953707	9236326844800	9236303664600
9236340315972	9236344760300	9236317264100
9236357592445	9236361121000	9236334909500
9236375091543	9236364396700	9236351339200
9236391627501	9236382115900	9236378260500
9236410019228	9236406657600	9236395036700
9236426225469	9236423295500	9236406436900
9236443114023	9236440010200	9236419347900
9236459260425	9236456749600	9236439880600
9236494069389	9236492113800	9236471495800
9236494069389	9236508024700	9236496507100
9236546622420	9236544038600	9236528965700
9236563955863	9236559752700	9236545173500
9236581572437	9236576778200	9236560927200
9236598723217	9236595590700	9236577643200
9236615857801	9236609974000	9236593148000
9236633149567	9236626791300	9236609825700
9236649859021	9236642707100	9236628930000
9236667355824	9236659803900	9236644240700
9236684267886	9236676558200	9236664535700
9236718321748	9236710782500	9236696599300
9236735257265	9236727585500	9236716494700
9236752528359	9236743573600	9236729086500
9236785882582	9236777455300	9236773428500
9236819545585	9236810859700	9236808934800
9236835902635	9236830516600	9236826798600
9236851846515	9236847680800	9236828992700
9236869024579	9236864769500	9236861679000
9236869024579	9236898275800	9236884246000
9236869024579	9236914947400	9236897582900

