# SurfaceFlinger --latency for 'SurfaceView[com.epidgames.trickcalrevive/com.google.firebase.MessagingUnityPlayerActivity](BLAST)#216' after --latency-clear and 4 s; sampled 2026-09-26T18:44:07.0523508+09:00 battle 1-3 replay wave 1, cpuinfo 4 processors, virgl edid=off 60 Hz, 8 GiB
# frames 127 over 2.65 s = 47.6 fps; frame time p50 18.4 ms, p90 33.8, p99 43.1, max 50.2

16678174
9229579588666	9229575856100	9229559849500
9229597061380	9229590980100	9229575826900
9229616079871	9229611353100	9229595313200
9229631463904	9229630760300	9229611085400
9229650742790	9229647821200	9229630620500
9229666148719	9229663404900	9229647581200
9229683907682	9229679658700	9229676649000
9229683907682	9229713018200	9229696383000
9229683907682	9229734222700	9229712866700
9229683907682	9229750114400	9229748604600
9229683907682	9229783712700	9229776360600
9229683907682	9229833949600	9229820450000
9229683907682	9229849897500	9229832908500
9229683907682	9229871586700	9229856441100
9229895071985	9229887420600	9229877541000
9229911587075	9229919368400	9229913615700
9229911587075	9229956278500	9229939690900
9229911587075	9229969497600	9229966797300
9229911587075	9229992961100	9229989403700
9229911587075	9230022857600	9230005934500
9229911587075	9230039840800	9230022427900
9229911587075	9230056795800	9230049402700
9229911587075	9230089454300	9230077047000
9229911587075	9230106176900	9230089200000
9229911587075	9230125374200	9230105903600
9229911587075	9230142024900	9230125110000
9229911587075	9230161531000	9230141776000
9229911587075	9230178906300	9230168985600
9229911587075	9230197935400	9230195312000
9229911587075	9230216488400	9230212350600
9229911587075	9230246912400	9230229067100
9229911587075	9230254512700	9230246821400
9229911587075	9230287971800	9230270193400
9229911587075	9230307510200	9230304899700
9229911587075	9230325161200	9230312595700
9229911587075	9230341276300	9230338933900
9230381688799	9230374864600	9230364283000
9230419949252	9230408380200	9230406950300
9230439209429	9230442215300	9230416998100
9230457349750	9230461446500	9230434544200
9230474592087	9230478633800	9230461142700
9230493099877	9230497297000	9230478444800
9230511421628	9230515587300	9230496969900
9230532305410	9230536856900	9230513097100
9230532305410	9230554255500	9230535156300
9230532305410	9230577082700	9230558722000
9230532305410	9230590568800	9230588208900
9230532305410	9230632954300	9230622124500
9230532305410	9230659516800	9230640636400
9230532305410	9230673477800	9230660040500
9230532305410	9230705040800	9230686622400
9230532305410	9230710266800	9230705020500
9230532305410	9230726875400	9230714490700
9230749999669	9230743751400	9230741259500
9230767352802	9230761573700	9230757602200
9230788353868	9230777709300	9230766873800
9230806947862	9230798459600	9230785780100
9230825464816	9230826813500	9230806088400
9230845317800	9230843436100	9230826673000
9230864327407	9230861021900	9230843248900
9230882595253	9230877997300	9230861956200
9230901506249	9230898097100	9230880183300
9230920434386	9230911072500	9230899661800
9230939651156	9230927242200	9230918137500
9230958235052	9230960631600	9230940844700
9230976208729	9230977284600	9230960453400
9230995023730	9230994799500	9230976906600
9231015038471	9231015070600	9230994547600
9231033790744	9231031425600	9231015026400
9231053853622	9231051784900	9231032606500
9231072642164	9231070759700	9231051744100
9231092082019	9231089589100	9231072225600
9231110653122	9231107541900	9231095258300
9231129509744	9231134360000	9231108253200
9231147470243	9231144513100	9231132184800
9231166054721	9231162627100	9231144379400
9231184307004	9231194375400	9231162497500
9231202391770	9231213402600	9231185132400
9231219887363	9231221226300	9231213342600
9231219887363	9231261224100	9231240282000
9231219887363	9231275264000	9231261190900
9231219887363	9231306069000	9231286092800
9231315245560	9231307152200	9231298331300
9231315245560	9231349395200	9231332360700
9231315245560	9231367835600	9231349356400
9231315245560	9231377206500	9231367740700
9231315245560	9231393916600	9231387463400
9231315245560	9231418946100	9231404416200
9231315245560	9231426706700	9231413312000
9231315245560	9231445696300	9231440500200
9231315245560	9231459351400	9231456693700
9231315245560	9231476748800	9231473581800
9231504604454	9231496588600	9231489818400
9231520587030	9231513058900	9231506111900
9231536476471	9231541453300	9231512802600
9231553012744	9231558261600	9231533588100
9231568482782	9231573402300	9231546717200
9231585081693	9231583139800	9231573347700
9231600638541	9231598965600	9231594352500
9231600638541	9231639399100	9231614595400
9231600638541	9231657049800	9231629128500
9231668230968	9231662656700	9231656943300
9231683140541	9231684228300	9231676640700
9231683140541	9231727324400	9231714852100
9231683140541	9231751669600	9231744960100
9231683140541	9231788426400	9231767780500
9231683140541	9231789092700	9231783252800
9231683140541	9231827841600	9231817835600
9231683140541	9231864222000	9231843310700
9231683140541	9231870833300	9231853617700
9231683140541	9231890561900	9231880908800
9231912036110	9231915843000	9231891140800
9231930716775	9231931951500	9231915810300
9231947663327	9231944327500	9231926354200
9231966169968	9231961346700	9231944977800
9231983994262	9231979093800	9231962068200
9232001330656	9231997601300	9231979569500
9232019026712	9232012794900	9231996923800
9232036379217	9232030364300	9232013329700
9232052988080	9232050020400	9232030860200
9232052988080	9232080463000	9232070935200
9232052988080	9232096937100	9232090768200
9232052988080	9232138155600	9232116798900
9232052988080	9232156481200	9232127669900
9232052988080	9232162902000	9232155717900
9232052988080	9232182756300	9232177922200
9232052988080	9232225536300	9232200114200

